timestamp,vm_id,min_cpu,max_cpu,avg_cpu,timestamp vm created,timestamp vm deleted,p95 max cpu,vm_category,vm virtual core count,vm memory (gb)
0,aBesI3vPItgV9K8KujDHhq6Ylk0T+x7OICppEE5WrKsKSJrtuu4PNDMv+jAG+wb0,4.286612,7.659088000000001,24.985364,0,2591700,22.59272,Interactive,1,1.75
300,aBesI3vPItgV9K8KujDHhq6Ylk0T+x7OICppEE5WrKsKSJrtuu4PNDMv+jAG+wb0,3.556225,4.818383,6.461318,0,2591700,22.59272,Interactive,1,1.75
600,aBesI3vPItgV9K8KujDHhq6Ylk0T+x7OICppEE5WrKsKSJrtuu4PNDMv+jAG+wb0,3.947344,5.335078,9.766734,0,2591700,22.59272,Interactive,1,1.75
900,aBesI3vPItgV9K8KujDHhq6Ylk0T+x7OICppEE5WrKsKSJrtuu4PNDMv+jAG+wb0,3.219174,5.4629650000000005,10.4429,0,2591700,22.59272,Interactive,1,1.75
1200,aBesI3vPItgV9K8KujDHhq6Ylk0T+x7OICppEE5WrKsKSJrtuu4PNDMv+jAG+wb0,4.048916999999999,12.004136,42.416525,0,2591700,22.59272,Interactive,1,1.75
1500,aBesI3vPItgV9K8KujDHhq6Ylk0T+x7OICppEE5WrKsKSJrtuu4PNDMv+jAG+wb0,3.992577,5.509811,10.207416,0,2591700,22.59272,Interactive,1,1.75
1800,aBesI3vPItgV9K8KujDHhq6Ylk0T+x7OICppEE5WrKsKSJrtuu4PNDMv+jAG+wb0,4.204791,5.559653,10.15325,0,2591700,22.59272,Interactive,1,1.75
2100,aBesI3vPItgV9K8KujDHhq6Ylk0T+x7OICppEE5WrKsKSJrtuu4PNDMv+jAG+wb0,3.286871,6.456151,17.098844,0,2591700,22.59272,Interactive,1,1.75
2400,aBesI3vPItgV9K8KujDHhq6Ylk0T+x7OICppEE5WrKsKSJrtuu4PNDMv+jAG+wb0,3.416847,5.467918,9.935877,0,2591700,22.59272,Interactive,1,1.75
2700,aBesI3vPItgV9K8KujDHhq6Ylk0T+x7OICppEE5WrKsKSJrtuu4PNDMv+jAG+wb0,4.419934,5.604271,9.747106,0,2591700,22.59272,Interactive,1,1.75
3000,aBesI3vPItgV9K8KujDHhq6Ylk0T+x7OICppEE5WrKsKSJrtuu4PNDMv+jAG+wb0,3.425839,4.79172,6.544462,0,2591700,22.59272,Interactive,1,1.75
3300,aBesI3vPItgV9K8KujDHhq6Ylk0T+x7OICppEE5WrKsKSJrtuu4PNDMv+jAG+wb0,4.177271,5.376922,9.963351,0,2591700,22.59272,Interactive,1,1.75
3600,aBesI3vPItgV9K8KujDHhq6Ylk0T+x7OICppEE5WrKsKSJrtuu4PNDMv+jAG+wb0,3.441981,5.489888,9.867126,0,2591700,22.59272,Interactive,1,1.75
3900,aBesI3vPItgV9K8KujDHhq6Ylk0T+x7OICppEE5WrKsKSJrtuu4PNDMv+jAG+wb0,4.162036,5.462289,9.490895,0,2591700,22.59272,Interactive,1,1.75
4200,aBesI3vPItgV9K8KujDHhq6Ylk0T+x7OICppEE5WrKsKSJrtuu4PNDMv+jAG+wb0,4.066791,5.30405,9.957785,0,2591700,22.59272,Interactive,1,1.75
4500,aBesI3vPItgV9K8KujDHhq6Ylk0T+x7OICppEE5WrKsKSJrtuu4PNDMv+jAG+wb0,4.410064,5.713836,9.88331,0,2591700,22.59272,Interactive,1,1.75
4800,aBesI3vPItgV9K8KujDHhq6Ylk0T+x7OICppEE5WrKsKSJrtuu4PNDMv+jAG+wb0,4.086382,5.428207,9.936429,0,2591700,22.59272,Interactive,1,1.75
5100,aBesI3vPItgV9K8KujDHhq6Ylk0T+x7OICppEE5WrKsKSJrtuu4PNDMv+jAG+wb0,3.049268,5.308482,9.925901,0,2591700,22.59272,Interactive,1,1.75
5400,aBesI3vPItgV9K8KujDHhq6Ylk0T+x7OICppEE5WrKsKSJrtuu4PNDMv+jAG+wb0,4.288256,5.603227,9.995203,0,2591700,22.59272,Interactive,1,1.75
5700,aBesI3vPItgV9K8KujDHhq6Ylk0T+x7OICppEE5WrKsKSJrtuu4PNDMv+jAG+wb0,3.302931,4.944787,6.293399,0,2591700,22.59272,Interactive,1,1.75
6000,aBesI3vPItgV9K8KujDHhq6Ylk0T+x7OICppEE5WrKsKSJrtuu4PNDMv+jAG+wb0,4.082575,5.426412,10.000284,0,2591700,22.59272,Interactive,1,1.75
6300,aBesI3vPItgV9K8KujDHhq6Ylk0T+x7OICppEE5WrKsKSJrtuu4PNDMv+jAG+wb0,4.387443,5.805251,9.806548,0,2591700,22.59272,Interactive,1,1.75
6600,aBesI3vPItgV9K8KujDHhq6Ylk0T+x7OICppEE5WrKsKSJrtuu4PNDMv+jAG+wb0,4.047335,5.426686,9.34135,0,2591700,22.59272,Interactive,1,1.75
6900,aBesI3vPItgV9K8KujDHhq6Ylk0T+x7OICppEE5WrKsKSJrtuu4PNDMv+jAG+wb0,3.926902,5.298837000000001,9.817521,0,2591700,22.59272,Interactive,1,1.75
7200,aBesI3vPItgV9K8KujDHhq6Ylk0T+x7OICppEE5WrKsKSJrtuu4PNDMv+jAG+wb0,4.514926999999999,7.658150999999999,16.821776999999997,0,2591700,22.59272,Interactive,1,1.75
7500,aBesI3vPItgV9K8KujDHhq6Ylk0T+x7OICppEE5WrKsKSJrtuu4PNDMv+jAG+wb0,3.361471,5.373335,9.318758,0,2591700,22.59272,Interactive,1,1.75
7800,aBesI3vPItgV9K8KujDHhq6Ylk0T+x7OICppEE5WrKsKSJrtuu4PNDMv+jAG+wb0,4.08009,5.382084,9.880536,0,2591700,22.59272,Interactive,1,1.75
8100,aBesI3vPItgV9K8KujDHhq6Ylk0T+x7OICppEE5WrKsKSJrtuu4PNDMv+jAG+wb0,4.4220690000000005,5.636337,9.897513,0,2591700,22.59272,Interactive,1,1.75
8400,aBesI3vPItgV9K8KujDHhq6Ylk0T+x7OICppEE5WrKsKSJrtuu4PNDMv+jAG+wb0,3.606412,4.868876,6.063983,0,2591700,22.59272,Interactive,1,1.75
8700,aBesI3vPItgV9K8KujDHhq6Ylk0T+x7OICppEE5WrKsKSJrtuu4PNDMv+jAG+wb0,4.114453,5.451401000000001,10.178456,0,2591700,22.59272,Interactive,1,1.75
9000,aBesI3vPItgV9K8KujDHhq6Ylk0T+x7OICppEE5WrKsKSJrtuu4PNDMv+jAG+wb0,4.506023,5.641394,9.96034,0,2591700,22.59272,Interactive,1,1.75
9300,aBesI3vPItgV9K8KujDHhq6Ylk0T+x7OICppEE5WrKsKSJrtuu4PNDMv+jAG+wb0,4.145045,6.68001,12.58128,0,2591700,22.59272,Interactive,1,1.75
9600,aBesI3vPItgV9K8KujDHhq6Ylk0T+x7OICppEE5WrKsKSJrtuu4PNDMv+jAG+wb0,3.98372,5.791103,10.231999,0,2591700,22.59272,Interactive,1,1.75
9900,aBesI3vPItgV9K8KujDHhq6Ylk0T+x7OICppEE5WrKsKSJrtuu4PNDMv+jAG+wb0,4.6088830000000005,5.700409,10.104591,0,2591700,22.59272,Interactive,1,1.75
10200,aBesI3vPItgV9K8KujDHhq6Ylk0T+x7OICppEE5WrKsKSJrtuu4PNDMv+jAG+wb0,4.050036,5.385494,9.623716,0,2591700,22.59272,Interactive,1,1.75
10500,aBesI3vPItgV9K8KujDHhq6Ylk0T+x7OICppEE5WrKsKSJrtuu4PNDMv+jAG+wb0,4.429885,5.936279,11.69273,0,2591700,22.59272,Interactive,1,1.75
10800,aBesI3vPItgV9K8KujDHhq6Ylk0T+x7OICppEE5WrKsKSJrtuu4PNDMv+jAG+wb0,4.475467,7.69868,25.084899,0,2591700,22.59272,Interactive,1,1.75
11100,aBesI3vPItgV9K8KujDHhq6Ylk0T+x7OICppEE5WrKsKSJrtuu4PNDMv+jAG+wb0,3.614715,4.71462,5.802518,0,2591700,22.59272,Interactive,1,1.75
11400,aBesI3vPItgV9K8KujDHhq6Ylk0T+x7OICppEE5WrKsKSJrtuu4PNDMv+jAG+wb0,4.368193,5.510857,11.351182,0,2591700,22.59272,Interactive,1,1.75
11700,aBesI3vPItgV9K8KujDHhq6Ylk0T+x7OICppEE5WrKsKSJrtuu4PNDMv+jAG+wb0,3.34139,5.529113,10.155615,0,2591700,22.59272,Interactive,1,1.75
12000,aBesI3vPItgV9K8KujDHhq6Ylk0T+x7OICppEE5WrKsKSJrtuu4PNDMv+jAG+wb0,4.058618,5.249423,9.637096,0,2591700,22.59272,Interactive,1,1.75
12300,aBesI3vPItgV9K8KujDHhq6Ylk0T+x7OICppEE5WrKsKSJrtuu4PNDMv+jAG+wb0,2.821494,5.433855,11.616169,0,2591700,22.59272,Interactive,1,1.75
12600,aBesI3vPItgV9K8KujDHhq6Ylk0T+x7OICppEE5WrKsKSJrtuu4PNDMv+jAG+wb0,4.299814,5.62226,10.025076,0,2591700,22.59272,Interactive,1,1.75
12900,aBesI3vPItgV9K8KujDHhq6Ylk0T+x7OICppEE5WrKsKSJrtuu4PNDMv+jAG+wb0,3.386052,5.332879,9.980271,0,2591700,22.59272,Interactive,1,1.75
13200,aBesI3vPItgV9K8KujDHhq6Ylk0T+x7OICppEE5WrKsKSJrtuu4PNDMv+jAG+wb0,3.190657,5.397593,11.531196,0,2591700,22.59272,Interactive,1,1.75
13500,aBesI3vPItgV9K8KujDHhq6Ylk0T+x7OICppEE5WrKsKSJrtuu4PNDMv+jAG+wb0,4.466382,5.629208,10.234399,0,2591700,22.59272,Interactive,1,1.75
13800,aBesI3vPItgV9K8KujDHhq6Ylk0T+x7OICppEE5WrKsKSJrtuu4PNDMv+jAG+wb0,3.420557,4.707222,5.892503,0,2591700,22.59272,Interactive,1,1.75
14100,aBesI3vPItgV9K8KujDHhq6Ylk0T+x7OICppEE5WrKsKSJrtuu4PNDMv+jAG+wb0,4.017199,5.553212,11.488076,0,2591700,22.59272,Interactive,1,1.75
14400,aBesI3vPItgV9K8KujDHhq6Ylk0T+x7OICppEE5WrKsKSJrtuu4PNDMv+jAG+wb0,3.3849050000000003,7.786230000000001,26.261645,0,2591700,22.59272,Interactive,1,1.75
14700,aBesI3vPItgV9K8KujDHhq6Ylk0T+x7OICppEE5WrKsKSJrtuu4PNDMv+jAG+wb0,4.156837,5.302943,9.782912,0,2591700,22.59272,Interactive,1,1.75
15000,aBesI3vPItgV9K8KujDHhq6Ylk0T+x7OICppEE5WrKsKSJrtuu4PNDMv+jAG+wb0,3.211046,5.629445,11.404571,0,2591700,22.59272,Interactive,1,1.75
15300,aBesI3vPItgV9K8KujDHhq6Ylk0T+x7OICppEE5WrKsKSJrtuu4PNDMv+jAG+wb0,4.29188,5.727687,10.297016,0,2591700,22.59272,Interactive,1,1.75
15600,aBesI3vPItgV9K8KujDHhq6Ylk0T+x7OICppEE5WrKsKSJrtuu4PNDMv+jAG+wb0,3.746716,5.259976999999999,9.639676,0,2591700,22.59272,Interactive,1,1.75
15900,aBesI3vPItgV9K8KujDHhq6Ylk0T+x7OICppEE5WrKsKSJrtuu4PNDMv+jAG+wb0,2.6516,5.454251999999999,11.387753,0,2591700,22.59272,Interactive,1,1.75
16200,aBesI3vPItgV9K8KujDHhq6Ylk0T+x7OICppEE5WrKsKSJrtuu4PNDMv+jAG+wb0,4.599908,5.666992,10.183731,0,2591700,22.59272,Interactive,1,1.75
16500,aBesI3vPItgV9K8KujDHhq6Ylk0T+x7OICppEE5WrKsKSJrtuu4PNDMv+jAG+wb0,3.493371,5.767199,11.149167,0,2591700,22.59272,Interactive,1,1.75
16800,aBesI3vPItgV9K8KujDHhq6Ylk0T+x7OICppEE5WrKsKSJrtuu4PNDMv+jAG+wb0,4.018032,5.671673999999999,10.984785,0,2591700,22.59272,Interactive,1,1.75
17100,aBesI3vPItgV9K8KujDHhq6Ylk0T+x7OICppEE5WrKsKSJrtuu4PNDMv+jAG+wb0,3.8406,5.594341,9.885275,0,2591700,22.59272,Interactive,1,1.75
17400,aBesI3vPItgV9K8KujDHhq6Ylk0T+x7OICppEE5WrKsKSJrtuu4PNDMv+jAG+wb0,3.943938,5.382287,9.433912,0,2591700,22.59272,Interactive,1,1.75
17700,aBesI3vPItgV9K8KujDHhq6Ylk0T+x7OICppEE5WrKsKSJrtuu4PNDMv+jAG+wb0,4.23131,5.418892,10.714082,0,2591700,22.59272,Interactive,1,1.75
18000,aBesI3vPItgV9K8KujDHhq6Ylk0T+x7OICppEE5WrKsKSJrtuu4PNDMv+jAG+wb0,4.6023190000000005,7.719130000000001,30.899346,0,2591700,22.59272,Interactive,1,1.75
18300,aBesI3vPItgV9K8KujDHhq6Ylk0T+x7OICppEE5WrKsKSJrtuu4PNDMv+jAG+wb0,3.4878980000000004,5.1872110000000005,9.410522,0,2591700,22.59272,Interactive,1,1.75
18600,aBesI3vPItgV9K8KujDHhq6Ylk0T+x7OICppEE5WrKsKSJrtuu4PNDMv+jAG+wb0,3.011034,5.442101,9.994606,0,2591700,22.59272,Interactive,1,1.75
18900,aBesI3vPItgV9K8KujDHhq6Ylk0T+x7OICppEE5WrKsKSJrtuu4PNDMv+jAG+wb0,4.032789,5.643377,9.808091,0,2591700,22.59272,Interactive,1,1.75
19200,aBesI3vPItgV9K8KujDHhq6Ylk0T+x7OICppEE5WrKsKSJrtuu4PNDMv+jAG+wb0,3.556803,4.703128,5.831383,0,2591700,22.59272,Interactive,1,1.75
19500,aBesI3vPItgV9K8KujDHhq6Ylk0T+x7OICppEE5WrKsKSJrtuu4PNDMv+jAG+wb0,3.989417,5.557403,9.937614,0,2591700,22.59272,Interactive,1,1.75
19800,aBesI3vPItgV9K8KujDHhq6Ylk0T+x7OICppEE5WrKsKSJrtuu4PNDMv+jAG+wb0,3.148,5.445458,9.60993,0,2591700,22.59272,Interactive,1,1.75
20100,aBesI3vPItgV9K8KujDHhq6Ylk0T+x7OICppEE5WrKsKSJrtuu4PNDMv+jAG+wb0,3.837237000000001,5.310432,9.363235,0,2591700,22.59272,Interactive,1,1.75
20400,aBesI3vPItgV9K8KujDHhq6Ylk0T+x7OICppEE5WrKsKSJrtuu4PNDMv+jAG+wb0,4.023483000000001,5.700285,9.52664,0,2591700,22.59272,Interactive,1,1.75
20700,aBesI3vPItgV9K8KujDHhq6Ylk0T+x7OICppEE5WrKsKSJrtuu4PNDMv+jAG+wb0,4.275785,5.63244,9.575924,0,2591700,22.59272,Interactive,1,1.75
21000,aBesI3vPItgV9K8KujDHhq6Ylk0T+x7OICppEE5WrKsKSJrtuu4PNDMv+jAG+wb0,3.861262,5.350169,9.168244,0,2591700,22.59272,Interactive,1,1.75
21300,aBesI3vPItgV9K8KujDHhq6Ylk0T+x7OICppEE5WrKsKSJrtuu4PNDMv+jAG+wb0,4.094162,5.860363,9.739651,0,2591700,22.59272,Interactive,1,1.75
21600,aBesI3vPItgV9K8KujDHhq6Ylk0T+x7OICppEE5WrKsKSJrtuu4PNDMv+jAG+wb0,4.379658999999999,7.665024000000001,30.266381,0,2591700,22.59272,Interactive,1,1.75
21900,aBesI3vPItgV9K8KujDHhq6Ylk0T+x7OICppEE5WrKsKSJrtuu4PNDMv+jAG+wb0,3.90695,5.146279,7.25103,0,2591700,22.59272,Interactive,1,1.75
22200,aBesI3vPItgV9K8KujDHhq6Ylk0T+x7OICppEE5WrKsKSJrtuu4PNDMv+jAG+wb0,3.962006,5.437558999999999,9.437043,0,2591700,22.59272,Interactive,1,1.75
22500,aBesI3vPItgV9K8KujDHhq6Ylk0T+x7OICppEE5WrKsKSJrtuu4PNDMv+jAG+wb0,4.355188,5.779969,9.601466,0,2591700,22.59272,Interactive,1,1.75
22800,aBesI3vPItgV9K8KujDHhq6Ylk0T+x7OICppEE5WrKsKSJrtuu4PNDMv+jAG+wb0,3.96972,5.25507,9.358801,0,2591700,22.59272,Interactive,1,1.75
23100,aBesI3vPItgV9K8KujDHhq6Ylk0T+x7OICppEE5WrKsKSJrtuu4PNDMv+jAG+wb0,3.825279,5.867146,9.380305,0,2591700,22.59272,Interactive,1,1.75
23400,aBesI3vPItgV9K8KujDHhq6Ylk0T+x7OICppEE5WrKsKSJrtuu4PNDMv+jAG+wb0,4.075009,5.587626,9.363478,0,2591700,22.59272,Interactive,1,1.75
23700,aBesI3vPItgV9K8KujDHhq6Ylk0T+x7OICppEE5WrKsKSJrtuu4PNDMv+jAG+wb0,3.912639,5.668522,8.897464,0,2591700,22.59272,Interactive,1,1.75
24000,aBesI3vPItgV9K8KujDHhq6Ylk0T+x7OICppEE5WrKsKSJrtuu4PNDMv+jAG+wb0,3.986027,6.414503,10.506682,0,2591700,22.59272,Interactive,1,1.75
24300,aBesI3vPItgV9K8KujDHhq6Ylk0T+x7OICppEE5WrKsKSJrtuu4PNDMv+jAG+wb0,4.179729,5.590392,9.392257,0,2591700,22.59272,Interactive,1,1.75
24600,aBesI3vPItgV9K8KujDHhq6Ylk0T+x7OICppEE5WrKsKSJrtuu4PNDMv+jAG+wb0,3.98552,4.904949,6.262606,0,2591700,22.59272,Interactive,1,1.75
24900,aBesI3vPItgV9K8KujDHhq6Ylk0T+x7OICppEE5WrKsKSJrtuu4PNDMv+jAG+wb0,3.987021,5.5555650000000005,9.22174,0,2591700,22.59272,Interactive,1,1.75
25200,aBesI3vPItgV9K8KujDHhq6Ylk0T+x7OICppEE5WrKsKSJrtuu4PNDMv+jAG+wb0,4.39768,8.235254,25.185238,0,2591700,22.59272,Interactive,1,1.75
25500,aBesI3vPItgV9K8KujDHhq6Ylk0T+x7OICppEE5WrKsKSJrtuu4PNDMv+jAG+wb0,3.88648,5.305053,8.844549,0,2591700,22.59272,Interactive,1,1.75
25800,aBesI3vPItgV9K8KujDHhq6Ylk0T+x7OICppEE5WrKsKSJrtuu4PNDMv+jAG+wb0,3.007584,5.30353,9.253362,0,2591700,22.59272,Interactive,1,1.75
26100,aBesI3vPItgV9K8KujDHhq6Ylk0T+x7OICppEE5WrKsKSJrtuu4PNDMv+jAG+wb0,4.216076999999999,5.6688,9.537416,0,2591700,22.59272,Interactive,1,1.75
26400,aBesI3vPItgV9K8KujDHhq6Ylk0T+x7OICppEE5WrKsKSJrtuu4PNDMv+jAG+wb0,3.304182,5.185283999999999,8.999075,0,2591700,22.59272,Interactive,1,1.75
26700,aBesI3vPItgV9K8KujDHhq6Ylk0T+x7OICppEE5WrKsKSJrtuu4PNDMv+jAG+wb0,3.043038,5.334783,9.177448,0,2591700,22.59272,Interactive,1,1.75
27000,aBesI3vPItgV9K8KujDHhq6Ylk0T+x7OICppEE5WrKsKSJrtuu4PNDMv+jAG+wb0,4.618183,5.440888,9.453566,0,2591700,22.59272,Interactive,1,1.75
27300,aBesI3vPItgV9K8KujDHhq6Ylk0T+x7OICppEE5WrKsKSJrtuu4PNDMv+jAG+wb0,3.970916,5.163713,7.269756,0,2591700,22.59272,Interactive,1,1.75
27600,aBesI3vPItgV9K8KujDHhq6Ylk0T+x7OICppEE5WrKsKSJrtuu4PNDMv+jAG+wb0,4.128404,5.533742,9.414157,0,2591700,22.59272,Interactive,1,1.75
27900,aBesI3vPItgV9K8KujDHhq6Ylk0T+x7OICppEE5WrKsKSJrtuu4PNDMv+jAG+wb0,3.359392,5.258026,9.576703,0,2591700,22.59272,Interactive,1,1.75
28200,aBesI3vPItgV9K8KujDHhq6Ylk0T+x7OICppEE5WrKsKSJrtuu4PNDMv+jAG+wb0,3.963486,5.473427,10.215902,0,2591700,22.59272,Interactive,1,1.75
28500,aBesI3vPItgV9K8KujDHhq6Ylk0T+x7OICppEE5WrKsKSJrtuu4PNDMv+jAG+wb0,3.226662,5.235085,9.768748,0,2591700,22.59272,Interactive,1,1.75
28800,aBesI3vPItgV9K8KujDHhq6Ylk0T+x7OICppEE5WrKsKSJrtuu4PNDMv+jAG+wb0,4.516222,7.483788,25.091796,0,2591700,22.59272,Interactive,1,1.75
29100,aBesI3vPItgV9K8KujDHhq6Ylk0T+x7OICppEE5WrKsKSJrtuu4PNDMv+jAG+wb0,3.418126,5.3098,10.467571,0,2591700,22.59272,Interactive,1,1.75
29400,aBesI3vPItgV9K8KujDHhq6Ylk0T+x7OICppEE5WrKsKSJrtuu4PNDMv+jAG+wb0,4.052845,5.464359,9.300799,0,2591700,22.59272,Interactive,1,1.75
29700,aBesI3vPItgV9K8KujDHhq6Ylk0T+x7OICppEE5WrKsKSJrtuu4PNDMv+jAG+wb0,4.60031,5.569678,9.664107,0,2591700,22.59272,Interactive,1,1.75
30000,aBesI3vPItgV9K8KujDHhq6Ylk0T+x7OICppEE5WrKsKSJrtuu4PNDMv+jAG+wb0,3.940148,5.431511,10.984445,0,2591700,22.59272,Interactive,1,1.75
30300,aBesI3vPItgV9K8KujDHhq6Ylk0T+x7OICppEE5WrKsKSJrtuu4PNDMv+jAG+wb0,3.98414,5.555112,9.573274,0,2591700,22.59272,Interactive,1,1.75
30600,aBesI3vPItgV9K8KujDHhq6Ylk0T+x7OICppEE5WrKsKSJrtuu4PNDMv+jAG+wb0,3.655554,5.206047,9.296106,0,2591700,22.59272,Interactive,1,1.75
30900,aBesI3vPItgV9K8KujDHhq6Ylk0T+x7OICppEE5WrKsKSJrtuu4PNDMv+jAG+wb0,3.911138,5.375837000000001,10.18712,0,2591700,22.59272,Interactive,1,1.75
31200,aBesI3vPItgV9K8KujDHhq6Ylk0T+x7OICppEE5WrKsKSJrtuu4PNDMv+jAG+wb0,4.493325,6.980910000000001,12.753234,0,2591700,22.59272,Interactive,1,1.75
31500,aBesI3vPItgV9K8KujDHhq6Ylk0T+x7OICppEE5WrKsKSJrtuu4PNDMv+jAG+wb0,4.67777,5.498891,9.511336,0,2591700,22.59272,Interactive,1,1.75
31800,aBesI3vPItgV9K8KujDHhq6Ylk0T+x7OICppEE5WrKsKSJrtuu4PNDMv+jAG+wb0,3.967267,5.531634,9.930088,0,2591700,22.59272,Interactive,1,1.75
32100,aBesI3vPItgV9K8KujDHhq6Ylk0T+x7OICppEE5WrKsKSJrtuu4PNDMv+jAG+wb0,3.053743,5.299771,9.448116,0,2591700,22.59272,Interactive,1,1.75
32400,aBesI3vPItgV9K8KujDHhq6Ylk0T+x7OICppEE5WrKsKSJrtuu4PNDMv+jAG+wb0,4.441506,7.506671000000001,25.564217000000003,0,2591700,22.59272,Interactive,1,1.75
32700,aBesI3vPItgV9K8KujDHhq6Ylk0T+x7OICppEE5WrKsKSJrtuu4PNDMv+jAG+wb0,3.738236,5.3112010000000005,10.369452,0,2591700,22.59272,Interactive,1,1.75
33000,aBesI3vPItgV9K8KujDHhq6Ylk0T+x7OICppEE5WrKsKSJrtuu4PNDMv+jAG+wb0,3.981761,5.402063,9.148067,0,2591700,22.59272,Interactive,1,1.75
33300,aBesI3vPItgV9K8KujDHhq6Ylk0T+x7OICppEE5WrKsKSJrtuu4PNDMv+jAG+wb0,3.262984,5.274729,9.819572,0,2591700,22.59272,Interactive,1,1.75
33600,aBesI3vPItgV9K8KujDHhq6Ylk0T+x7OICppEE5WrKsKSJrtuu4PNDMv+jAG+wb0,3.984598000000001,5.342321,9.99148,0,2591700,22.59272,Interactive,1,1.75
33900,aBesI3vPItgV9K8KujDHhq6Ylk0T+x7OICppEE5WrKsKSJrtuu4PNDMv+jAG+wb0,3.973457,5.47505,9.505798,0,2591700,22.59272,Interactive,1,1.75
34200,aBesI3vPItgV9K8KujDHhq6Ylk0T+x7OICppEE5WrKsKSJrtuu4PNDMv+jAG+wb0,4.4950730000000005,5.400172,9.434182,0,2591700,22.59272,Interactive,1,1.75
34500,aBesI3vPItgV9K8KujDHhq6Ylk0T+x7OICppEE5WrKsKSJrtuu4PNDMv+jAG+wb0,3.750198,5.156424,10.233139,0,2591700,22.59272,Interactive,1,1.75
34800,aBesI3vPItgV9K8KujDHhq6Ylk0T+x7OICppEE5WrKsKSJrtuu4PNDMv+jAG+wb0,3.595333,5.304302,9.192515,0,2591700,22.59272,Interactive,1,1.75
35100,aBesI3vPItgV9K8KujDHhq6Ylk0T+x7OICppEE5WrKsKSJrtuu4PNDMv+jAG+wb0,4.313729,5.413646,9.543246,0,2591700,22.59272,Interactive,1,1.75
35400,aBesI3vPItgV9K8KujDHhq6Ylk0T+x7OICppEE5WrKsKSJrtuu4PNDMv+jAG+wb0,3.43869,5.184235,9.317017,0,2591700,22.59272,Interactive,1,1.75
35700,aBesI3vPItgV9K8KujDHhq6Ylk0T+x7OICppEE5WrKsKSJrtuu4PNDMv+jAG+wb0,4.028016,5.498311,9.271319,0,2591700,22.59272,Interactive,1,1.75
36000,aBesI3vPItgV9K8KujDHhq6Ylk0T+x7OICppEE5WrKsKSJrtuu4PNDMv+jAG+wb0,3.692794,7.292296,15.370753,0,2591700,22.59272,Interactive,1,1.75
36300,aBesI3vPItgV9K8KujDHhq6Ylk0T+x7OICppEE5WrKsKSJrtuu4PNDMv+jAG+wb0,3.96838,5.419876,9.006652,0,2591700,22.59272,Interactive,1,1.75
36600,aBesI3vPItgV9K8KujDHhq6Ylk0T+x7OICppEE5WrKsKSJrtuu4PNDMv+jAG+wb0,3.903305000000001,5.163203,9.248594,0,2591700,22.59272,Interactive,1,1.75
36900,aBesI3vPItgV9K8KujDHhq6Ylk0T+x7OICppEE5WrKsKSJrtuu4PNDMv+jAG+wb0,3.97809,5.488084,9.458755,0,2591700,22.59272,Interactive,1,1.75
37200,aBesI3vPItgV9K8KujDHhq6Ylk0T+x7OICppEE5WrKsKSJrtuu4PNDMv+jAG+wb0,3.903721,5.128033,8.77075,0,2591700,22.59272,Interactive,1,1.75
37500,aBesI3vPItgV9K8KujDHhq6Ylk0T+x7OICppEE5WrKsKSJrtuu4PNDMv+jAG+wb0,3.972071,5.315993,9.527436,0,2591700,22.59272,Interactive,1,1.75
37800,aBesI3vPItgV9K8KujDHhq6Ylk0T+x7OICppEE5WrKsKSJrtuu4PNDMv+jAG+wb0,4.11531,5.494012000000001,9.455962,0,2591700,22.59272,Interactive,1,1.75
38100,aBesI3vPItgV9K8KujDHhq6Ylk0T+x7OICppEE5WrKsKSJrtuu4PNDMv+jAG+wb0,3.816876,5.143197,9.047021,0,2591700,22.59272,Interactive,1,1.75
38400,aBesI3vPItgV9K8KujDHhq6Ylk0T+x7OICppEE5WrKsKSJrtuu4PNDMv+jAG+wb0,4.142965,6.795054,15.21187,0,2591700,22.59272,Interactive,1,1.75
38700,aBesI3vPItgV9K8KujDHhq6Ylk0T+x7OICppEE5WrKsKSJrtuu4PNDMv+jAG+wb0,3.271595,5.209477,10.223847,0,2591700,22.59272,Interactive,1,1.75
39000,aBesI3vPItgV9K8KujDHhq6Ylk0T+x7OICppEE5WrKsKSJrtuu4PNDMv+jAG+wb0,4.018462,5.457677,8.749518,0,2591700,22.59272,Interactive,1,1.75
39300,aBesI3vPItgV9K8KujDHhq6Ylk0T+x7OICppEE5WrKsKSJrtuu4PNDMv+jAG+wb0,3.305852,5.217344000000001,9.339465,0,2591700,22.59272,Interactive,1,1.75
39600,aBesI3vPItgV9K8KujDHhq6Ylk0T+x7OICppEE5WrKsKSJrtuu4PNDMv+jAG+wb0,3.944607,7.553169,25.767158,0,2591700,22.59272,Interactive,1,1.75
39900,aBesI3vPItgV9K8KujDHhq6Ylk0T+x7OICppEE5WrKsKSJrtuu4PNDMv+jAG+wb0,3.299028,5.03687,8.929442,0,2591700,22.59272,Interactive,1,1.75
40200,aBesI3vPItgV9K8KujDHhq6Ylk0T+x7OICppEE5WrKsKSJrtuu4PNDMv+jAG+wb0,3.180395,5.173274,9.408235,0,2591700,22.59272,Interactive,1,1.75
40500,aBesI3vPItgV9K8KujDHhq6Ylk0T+x7OICppEE5WrKsKSJrtuu4PNDMv+jAG+wb0,3.952959,5.478794000000001,9.719485,0,2591700,22.59272,Interactive,1,1.75
40800,aBesI3vPItgV9K8KujDHhq6Ylk0T+x7OICppEE5WrKsKSJrtuu4PNDMv+jAG+wb0,4.000534,6.169589,12.962995,0,2591700,22.59272,Interactive,1,1.75
41100,aBesI3vPItgV9K8KujDHhq6Ylk0T+x7OICppEE5WrKsKSJrtuu4PNDMv+jAG+wb0,4.216882,5.530295,9.151023,0,2591700,22.59272,Interactive,1,1.75
41400,aBesI3vPItgV9K8KujDHhq6Ylk0T+x7OICppEE5WrKsKSJrtuu4PNDMv+jAG+wb0,4.02,5.3148610000000005,9.758683,0,2591700,22.59272,Interactive,1,1.75
41700,aBesI3vPItgV9K8KujDHhq6Ylk0T+x7OICppEE5WrKsKSJrtuu4PNDMv+jAG+wb0,3.993253,5.377744,8.847961,0,2591700,22.59272,Interactive,1,1.75
42000,aBesI3vPItgV9K8KujDHhq6Ylk0T+x7OICppEE5WrKsKSJrtuu4PNDMv+jAG+wb0,2.807563,5.107658,9.471557,0,2591700,22.59272,Interactive,1,1.75
42300,aBesI3vPItgV9K8KujDHhq6Ylk0T+x7OICppEE5WrKsKSJrtuu4PNDMv+jAG+wb0,4.562202,6.171147,9.65744,0,2591700,22.59272,Interactive,1,1.75
42600,aBesI3vPItgV9K8KujDHhq6Ylk0T+x7OICppEE5WrKsKSJrtuu4PNDMv+jAG+wb0,3.5349,5.189678,9.070152,0,2591700,22.59272,Interactive,1,1.75
42900,aBesI3vPItgV9K8KujDHhq6Ylk0T+x7OICppEE5WrKsKSJrtuu4PNDMv+jAG+wb0,3.382941,5.1928410000000005,9.329064,0,2591700,22.59272,Interactive,1,1.75
43200,aBesI3vPItgV9K8KujDHhq6Ylk0T+x7OICppEE5WrKsKSJrtuu4PNDMv+jAG+wb0,4.2196,7.515045,25.625471,0,2591700,22.59272,Interactive,1,1.75
43500,aBesI3vPItgV9K8KujDHhq6Ylk0T+x7OICppEE5WrKsKSJrtuu4PNDMv+jAG+wb0,4.14771,6.058676,11.721531,0,2591700,22.59272,Interactive,1,1.75
43800,aBesI3vPItgV9K8KujDHhq6Ylk0T+x7OICppEE5WrKsKSJrtuu4PNDMv+jAG+wb0,4.204409,5.427096,9.481911,0,2591700,22.59272,Interactive,1,1.75
44100,aBesI3vPItgV9K8KujDHhq6Ylk0T+x7OICppEE5WrKsKSJrtuu4PNDMv+jAG+wb0,4.157191,6.622265,17.167987,0,2591700,22.59272,Interactive,1,1.75
44400,aBesI3vPItgV9K8KujDHhq6Ylk0T+x7OICppEE5WrKsKSJrtuu4PNDMv+jAG+wb0,3.957473,5.353971,9.106566,0,2591700,22.59272,Interactive,1,1.75
44700,aBesI3vPItgV9K8KujDHhq6Ylk0T+x7OICppEE5WrKsKSJrtuu4PNDMv+jAG+wb0,4.347029,6.254465,13.472617,0,2591700,22.59272,Interactive,1,1.75
45000,aBesI3vPItgV9K8KujDHhq6Ylk0T+x7OICppEE5WrKsKSJrtuu4PNDMv+jAG+wb0,4.02494,5.5445720000000005,10.808391,0,2591700,22.59272,Interactive,1,1.75
45300,aBesI3vPItgV9K8KujDHhq6Ylk0T+x7OICppEE5WrKsKSJrtuu4PNDMv+jAG+wb0,3.125554,5.225994999999999,8.922686,0,2591700,22.59272,Interactive,1,1.75
45600,aBesI3vPItgV9K8KujDHhq6Ylk0T+x7OICppEE5WrKsKSJrtuu4PNDMv+jAG+wb0,4.488002,6.717755,14.558746,0,2591700,22.59272,Interactive,1,1.75
45900,aBesI3vPItgV9K8KujDHhq6Ylk0T+x7OICppEE5WrKsKSJrtuu4PNDMv+jAG+wb0,4.156022,5.721635,11.016816,0,2591700,22.59272,Interactive,1,1.75
46200,aBesI3vPItgV9K8KujDHhq6Ylk0T+x7OICppEE5WrKsKSJrtuu4PNDMv+jAG+wb0,3.358742,5.404797,9.159555,0,2591700,22.59272,Interactive,1,1.75
46500,aBesI3vPItgV9K8KujDHhq6Ylk0T+x7OICppEE5WrKsKSJrtuu4PNDMv+jAG+wb0,4.341596,5.389853,9.468806,0,2591700,22.59272,Interactive,1,1.75
46800,aBesI3vPItgV9K8KujDHhq6Ylk0T+x7OICppEE5WrKsKSJrtuu4PNDMv+jAG+wb0,3.4319550000000003,7.618023,22.681572,0,2591700,22.59272,Interactive,1,1.75
47100,aBesI3vPItgV9K8KujDHhq6Ylk0T+x7OICppEE5WrKsKSJrtuu4PNDMv+jAG+wb0,4.175903,5.44866,9.099552,0,2591700,22.59272,Interactive,1,1.75
47400,aBesI3vPItgV9K8KujDHhq6Ylk0T+x7OICppEE5WrKsKSJrtuu4PNDMv+jAG+wb0,3.959894,5.2630300000000005,9.544038,0,2591700,22.59272,Interactive,1,1.75
47700,aBesI3vPItgV9K8KujDHhq6Ylk0T+x7OICppEE5WrKsKSJrtuu4PNDMv+jAG+wb0,4.347924,5.617363,10.967751,0,2591700,22.59272,Interactive,1,1.75
48000,aBesI3vPItgV9K8KujDHhq6Ylk0T+x7OICppEE5WrKsKSJrtuu4PNDMv+jAG+wb0,3.3443050000000003,5.136969000000001,9.112921,0,2591700,22.59272,Interactive,1,1.75
48300,aBesI3vPItgV9K8KujDHhq6Ylk0T+x7OICppEE5WrKsKSJrtuu4PNDMv+jAG+wb0,3.172016,5.222003,9.481869,0,2591700,22.59272,Interactive,1,1.75
48600,aBesI3vPItgV9K8KujDHhq6Ylk0T+x7OICppEE5WrKsKSJrtuu4PNDMv+jAG+wb0,3.978699,5.572055000000001,11.093944,0,2591700,22.59272,Interactive,1,1.75
48900,aBesI3vPItgV9K8KujDHhq6Ylk0T+x7OICppEE5WrKsKSJrtuu4PNDMv+jAG+wb0,2.978709,5.250963,8.99356,0,2591700,22.59272,Interactive,1,1.75
49200,aBesI3vPItgV9K8KujDHhq6Ylk0T+x7OICppEE5WrKsKSJrtuu4PNDMv+jAG+wb0,4.449948,5.471577,9.549098,0,2591700,22.59272,Interactive,1,1.75
49500,aBesI3vPItgV9K8KujDHhq6Ylk0T+x7OICppEE5WrKsKSJrtuu4PNDMv+jAG+wb0,4.184204,5.522399,11.405986,0,2591700,22.59272,Interactive,1,1.75
49800,aBesI3vPItgV9K8KujDHhq6Ylk0T+x7OICppEE5WrKsKSJrtuu4PNDMv+jAG+wb0,4.029321,5.365362999999999,9.147115,0,2591700,22.59272,Interactive,1,1.75
50100,aBesI3vPItgV9K8KujDHhq6Ylk0T+x7OICppEE5WrKsKSJrtuu4PNDMv+jAG+wb0,4.063983,5.325547,9.604081,0,2591700,22.59272,Interactive,1,1.75
50400,aBesI3vPItgV9K8KujDHhq6Ylk0T+x7OICppEE5WrKsKSJrtuu4PNDMv+jAG+wb0,4.082572,7.586164999999999,24.995877,0,2591700,22.59272,Interactive,1,1.75
50700,aBesI3vPItgV9K8KujDHhq6Ylk0T+x7OICppEE5WrKsKSJrtuu4PNDMv+jAG+wb0,2.973596,5.150411,9.106211,0,2591700,22.59272,Interactive,1,1.75
51000,aBesI3vPItgV9K8KujDHhq6Ylk0T+x7OICppEE5WrKsKSJrtuu4PNDMv+jAG+wb0,3.090383,5.169258,9.43546,0,2591700,22.59272,Interactive,1,1.75
51300,aBesI3vPItgV9K8KujDHhq6Ylk0T+x7OICppEE5WrKsKSJrtuu4PNDMv+jAG+wb0,4.061133,5.592399,10.577952,0,2591700,22.59272,Interactive,1,1.75
51600,aBesI3vPItgV9K8KujDHhq6Ylk0T+x7OICppEE5WrKsKSJrtuu4PNDMv+jAG+wb0,2.791506,5.264702,9.084876,0,2591700,22.59272,Interactive,1,1.75
51900,aBesI3vPItgV9K8KujDHhq6Ylk0T+x7OICppEE5WrKsKSJrtuu4PNDMv+jAG+wb0,4.544194,5.444696,9.362796,0,2591700,22.59272,Interactive,1,1.75
52200,aBesI3vPItgV9K8KujDHhq6Ylk0T+x7OICppEE5WrKsKSJrtuu4PNDMv+jAG+wb0,2.940632,5.416763,11.229233,0,2591700,22.59272,Interactive,1,1.75
52500,aBesI3vPItgV9K8KujDHhq6Ylk0T+x7OICppEE5WrKsKSJrtuu4PNDMv+jAG+wb0,3.988907,5.339695,9.058746,0,2591700,22.59272,Interactive,1,1.75
52800,aBesI3vPItgV9K8KujDHhq6Ylk0T+x7OICppEE5WrKsKSJrtuu4PNDMv+jAG+wb0,3.350407,6.61495,17.350468,0,2591700,22.59272,Interactive,1,1.75
53100,aBesI3vPItgV9K8KujDHhq6Ylk0T+x7OICppEE5WrKsKSJrtuu4PNDMv+jAG+wb0,4.209376,5.829918,9.564803,0,2591700,22.59272,Interactive,1,1.75
53400,aBesI3vPItgV9K8KujDHhq6Ylk0T+x7OICppEE5WrKsKSJrtuu4PNDMv+jAG+wb0,3.319471,5.20544,9.112287,0,2591700,22.59272,Interactive,1,1.75
53700,aBesI3vPItgV9K8KujDHhq6Ylk0T+x7OICppEE5WrKsKSJrtuu4PNDMv+jAG+wb0,3.60622,5.247984,9.434659,0,2591700,22.59272,Interactive,1,1.75
54000,aBesI3vPItgV9K8KujDHhq6Ylk0T+x7OICppEE5WrKsKSJrtuu4PNDMv+jAG+wb0,4.366301999999999,7.451186,23.138534,0,2591700,22.59272,Interactive,1,1.75
54300,aBesI3vPItgV9K8KujDHhq6Ylk0T+x7OICppEE5WrKsKSJrtuu4PNDMv+jAG+wb0,2.827298,5.505801,9.177783,0,2591700,22.59272,Interactive,1,1.75
54600,aBesI3vPItgV9K8KujDHhq6Ylk0T+x7OICppEE5WrKsKSJrtuu4PNDMv+jAG+wb0,4.299499,5.32721,9.482313,0,2591700,22.59272,Interactive,1,1.75
54900,aBesI3vPItgV9K8KujDHhq6Ylk0T+x7OICppEE5WrKsKSJrtuu4PNDMv+jAG+wb0,2.703233,5.38735,10.095572,0,2591700,22.59272,Interactive,1,1.75
55200,aBesI3vPItgV9K8KujDHhq6Ylk0T+x7OICppEE5WrKsKSJrtuu4PNDMv+jAG+wb0,4.144283000000001,5.363157,8.926561999999999,0,2591700,22.59272,Interactive,1,1.75
55500,aBesI3vPItgV9K8KujDHhq6Ylk0T+x7OICppEE5WrKsKSJrtuu4PNDMv+jAG+wb0,2.890332,5.377993,9.702157,0,2591700,22.59272,Interactive,1,1.75
55800,aBesI3vPItgV9K8KujDHhq6Ylk0T+x7OICppEE5WrKsKSJrtuu4PNDMv+jAG+wb0,4.394089,5.604391000000001,9.777824,0,2591700,22.59272,Interactive,1,1.75
56100,aBesI3vPItgV9K8KujDHhq6Ylk0T+x7OICppEE5WrKsKSJrtuu4PNDMv+jAG+wb0,3.905445,5.221748000000001,9.035308,0,2591700,22.59272,Interactive,1,1.75
56400,aBesI3vPItgV9K8KujDHhq6Ylk0T+x7OICppEE5WrKsKSJrtuu4PNDMv+jAG+wb0,4.004136,5.285464,9.635607,0,2591700,22.59272,Interactive,1,1.75
56700,aBesI3vPItgV9K8KujDHhq6Ylk0T+x7OICppEE5WrKsKSJrtuu4PNDMv+jAG+wb0,4.1428910000000005,7.724277000000001,25.052916,0,2591700,22.59272,Interactive,1,1.75
57000,aBesI3vPItgV9K8KujDHhq6Ylk0T+x7OICppEE5WrKsKSJrtuu4PNDMv+jAG+wb0,3.454107,5.402399,8.920555,0,2591700,22.59272,Interactive,1,1.75
57300,aBesI3vPItgV9K8KujDHhq6Ylk0T+x7OICppEE5WrKsKSJrtuu4PNDMv+jAG+wb0,4.282354,5.548629,9.661251,0,2591700,22.59272,Interactive,1,1.75
57600,aBesI3vPItgV9K8KujDHhq6Ylk0T+x7OICppEE5WrKsKSJrtuu4PNDMv+jAG+wb0,4.624505999999999,14.606391,79.622434,0,2591700,22.59272,Interactive,1,1.75
57900,aBesI3vPItgV9K8KujDHhq6Ylk0T+x7OICppEE5WrKsKSJrtuu4PNDMv+jAG+wb0,4.100575,8.887182000000001,25.774333,0,2591700,22.59272,Interactive,1,1.75
58200,aBesI3vPItgV9K8KujDHhq6Ylk0T+x7OICppEE5WrKsKSJrtuu4PNDMv+jAG+wb0,2.715422,5.348628,9.838365,0,2591700,22.59272,Interactive,1,1.75
58500,aBesI3vPItgV9K8KujDHhq6Ylk0T+x7OICppEE5WrKsKSJrtuu4PNDMv+jAG+wb0,4.1936480000000005,5.654014,9.489719,0,2591700,22.59272,Interactive,1,1.75
58800,aBesI3vPItgV9K8KujDHhq6Ylk0T+x7OICppEE5WrKsKSJrtuu4PNDMv+jAG+wb0,4.293586,10.611786,34.150678000000006,0,2591700,22.59272,Interactive,1,1.75
59100,aBesI3vPItgV9K8KujDHhq6Ylk0T+x7OICppEE5WrKsKSJrtuu4PNDMv+jAG+wb0,2.81841,5.621096,9.577277,0,2591700,22.59272,Interactive,1,1.75
59400,aBesI3vPItgV9K8KujDHhq6Ylk0T+x7OICppEE5WrKsKSJrtuu4PNDMv+jAG+wb0,4.057138,5.581645,9.532973,0,2591700,22.59272,Interactive,1,1.75
59700,aBesI3vPItgV9K8KujDHhq6Ylk0T+x7OICppEE5WrKsKSJrtuu4PNDMv+jAG+wb0,3.0648470000000003,5.248659,8.980329,0,2591700,22.59272,Interactive,1,1.75
60000,aBesI3vPItgV9K8KujDHhq6Ylk0T+x7OICppEE5WrKsKSJrtuu4PNDMv+jAG+wb0,4.136340000000001,6.319265000000001,15.062209,0,2591700,22.59272,Interactive,1,1.75
60300,aBesI3vPItgV9K8KujDHhq6Ylk0T+x7OICppEE5WrKsKSJrtuu4PNDMv+jAG+wb0,2.9531560000000003,7.177053999999999,11.200076,0,2591700,22.59272,Interactive,1,1.75
60600,aBesI3vPItgV9K8KujDHhq6Ylk0T+x7OICppEE5WrKsKSJrtuu4PNDMv+jAG+wb0,4.205892,5.370968,9.101663,0,2591700,22.59272,Interactive,1,1.75
60900,aBesI3vPItgV9K8KujDHhq6Ylk0T+x7OICppEE5WrKsKSJrtuu4PNDMv+jAG+wb0,2.756926,5.14176,9.276224,0,2591700,22.59272,Interactive,1,1.75
61200,aBesI3vPItgV9K8KujDHhq6Ylk0T+x7OICppEE5WrKsKSJrtuu4PNDMv+jAG+wb0,4.223906,5.442265,9.586074,0,2591700,22.59272,Interactive,1,1.75
61500,aBesI3vPItgV9K8KujDHhq6Ylk0T+x7OICppEE5WrKsKSJrtuu4PNDMv+jAG+wb0,4.198575,8.080917,25.458164,0,2591700,22.59272,Interactive,1,1.75
61800,aBesI3vPItgV9K8KujDHhq6Ylk0T+x7OICppEE5WrKsKSJrtuu4PNDMv+jAG+wb0,3.303478,5.239584,10.010454,0,2591700,22.59272,Interactive,1,1.75
62100,aBesI3vPItgV9K8KujDHhq6Ylk0T+x7OICppEE5WrKsKSJrtuu4PNDMv+jAG+wb0,4.193929,5.566753,9.455148,0,2591700,22.59272,Interactive,1,1.75
62400,aBesI3vPItgV9K8KujDHhq6Ylk0T+x7OICppEE5WrKsKSJrtuu4PNDMv+jAG+wb0,3.613769000000001,5.146646,8.947321,0,2591700,22.59272,Interactive,1,1.75
62700,aBesI3vPItgV9K8KujDHhq6Ylk0T+x7OICppEE5WrKsKSJrtuu4PNDMv+jAG+wb0,4.341041000000001,5.564412,10.501466,0,2591700,22.59272,Interactive,1,1.75
63000,aBesI3vPItgV9K8KujDHhq6Ylk0T+x7OICppEE5WrKsKSJrtuu4PNDMv+jAG+wb0,3.990885,5.502211,10.32107,0,2591700,22.59272,Interactive,1,1.75
63300,aBesI3vPItgV9K8KujDHhq6Ylk0T+x7OICppEE5WrKsKSJrtuu4PNDMv+jAG+wb0,4.067949,5.206316999999999,8.937686,0,2591700,22.59272,Interactive,1,1.75
63600,aBesI3vPItgV9K8KujDHhq6Ylk0T+x7OICppEE5WrKsKSJrtuu4PNDMv+jAG+wb0,3.444279,5.307814,10.763099,0,2591700,22.59272,Interactive,1,1.75
63900,aBesI3vPItgV9K8KujDHhq6Ylk0T+x7OICppEE5WrKsKSJrtuu4PNDMv+jAG+wb0,4.048649,5.509837,9.429931,0,2591700,22.59272,Interactive,1,1.75
64200,aBesI3vPItgV9K8KujDHhq6Ylk0T+x7OICppEE5WrKsKSJrtuu4PNDMv+jAG+wb0,4.139949,5.186368,8.790828999999999,0,2591700,22.59272,Interactive,1,1.75
64500,aBesI3vPItgV9K8KujDHhq6Ylk0T+x7OICppEE5WrKsKSJrtuu4PNDMv+jAG+wb0,2.683901,5.309747,10.512095,0,2591700,22.59272,Interactive,1,1.75
64800,aBesI3vPItgV9K8KujDHhq6Ylk0T+x7OICppEE5WrKsKSJrtuu4PNDMv+jAG+wb0,4.089258999999999,5.525,9.53028,0,2591700,22.59272,Interactive,1,1.75
65100,aBesI3vPItgV9K8KujDHhq6Ylk0T+x7OICppEE5WrKsKSJrtuu4PNDMv+jAG+wb0,3.529522,7.199845,15.784179,0,2591700,22.59272,Interactive,1,1.75
65400,aBesI3vPItgV9K8KujDHhq6Ylk0T+x7OICppEE5WrKsKSJrtuu4PNDMv+jAG+wb0,4.391056,5.421748,10.414631,0,2591700,22.59272,Interactive,1,1.75
65700,aBesI3vPItgV9K8KujDHhq6Ylk0T+x7OICppEE5WrKsKSJrtuu4PNDMv+jAG+wb0,4.127692,5.493434,9.936703,0,2591700,22.59272,Interactive,1,1.75
66000,aBesI3vPItgV9K8KujDHhq6Ylk0T+x7OICppEE5WrKsKSJrtuu4PNDMv+jAG+wb0,3.957445,5.20956,8.851255,0,2591700,22.59272,Interactive,1,1.75
66300,aBesI3vPItgV9K8KujDHhq6Ylk0T+x7OICppEE5WrKsKSJrtuu4PNDMv+jAG+wb0,3.079552,5.359138,10.477775,0,2591700,22.59272,Interactive,1,1.75
66600,aBesI3vPItgV9K8KujDHhq6Ylk0T+x7OICppEE5WrKsKSJrtuu4PNDMv+jAG+wb0,4.160178,5.522143,9.458245,0,2591700,22.59272,Interactive,1,1.75
66900,aBesI3vPItgV9K8KujDHhq6Ylk0T+x7OICppEE5WrKsKSJrtuu4PNDMv+jAG+wb0,4.083737999999999,5.210851,8.764559,0,2591700,22.59272,Interactive,1,1.75
67200,aBesI3vPItgV9K8KujDHhq6Ylk0T+x7OICppEE5WrKsKSJrtuu4PNDMv+jAG+wb0,4.265067,6.284376,11.745428,0,2591700,22.59272,Interactive,1,1.75
67500,aBesI3vPItgV9K8KujDHhq6Ylk0T+x7OICppEE5WrKsKSJrtuu4PNDMv+jAG+wb0,4.208389,5.782708,9.482008,0,2591700,22.59272,Interactive,1,1.75
67800,aBesI3vPItgV9K8KujDHhq6Ylk0T+x7OICppEE5WrKsKSJrtuu4PNDMv+jAG+wb0,4.202107,5.343071,8.974171,0,2591700,22.59272,Interactive,1,1.75
68100,aBesI3vPItgV9K8KujDHhq6Ylk0T+x7OICppEE5WrKsKSJrtuu4PNDMv+jAG+wb0,4.2693,5.507256,10.654047,0,2591700,22.59272,Interactive,1,1.75
68400,aBesI3vPItgV9K8KujDHhq6Ylk0T+x7OICppEE5WrKsKSJrtuu4PNDMv+jAG+wb0,3.991962000000001,6.006814,10.046086,0,2591700,22.59272,Interactive,1,1.75
68700,aBesI3vPItgV9K8KujDHhq6Ylk0T+x7OICppEE5WrKsKSJrtuu4PNDMv+jAG+wb0,4.139954,7.638338,28.352672,0,2591700,22.59272,Interactive,1,1.75
69000,aBesI3vPItgV9K8KujDHhq6Ylk0T+x7OICppEE5WrKsKSJrtuu4PNDMv+jAG+wb0,4.177309999999999,5.512112999999999,10.616259,0,2591700,22.59272,Interactive,1,1.75
69300,aBesI3vPItgV9K8KujDHhq6Ylk0T+x7OICppEE5WrKsKSJrtuu4PNDMv+jAG+wb0,4.228428,5.596431,9.370919,0,2591700,22.59272,Interactive,1,1.75
69600,aBesI3vPItgV9K8KujDHhq6Ylk0T+x7OICppEE5WrKsKSJrtuu4PNDMv+jAG+wb0,3.31532,5.017768,8.887557000000001,0,2591700,22.59272,Interactive,1,1.75
69900,aBesI3vPItgV9K8KujDHhq6Ylk0T+x7OICppEE5WrKsKSJrtuu4PNDMv+jAG+wb0,4.263555,5.528685,10.041912,0,2591700,22.59272,Interactive,1,1.75
70200,aBesI3vPItgV9K8KujDHhq6Ylk0T+x7OICppEE5WrKsKSJrtuu4PNDMv+jAG+wb0,4.138637999999999,5.522901,9.629044,0,2591700,22.59272,Interactive,1,1.75
70500,aBesI3vPItgV9K8KujDHhq6Ylk0T+x7OICppEE5WrKsKSJrtuu4PNDMv+jAG+wb0,4.24045,5.321286,8.905161999999999,0,2591700,22.59272,Interactive,1,1.75
70800,aBesI3vPItgV9K8KujDHhq6Ylk0T+x7OICppEE5WrKsKSJrtuu4PNDMv+jAG+wb0,4.472188,5.455369,9.284874,0,2591700,22.59272,Interactive,1,1.75
71100,aBesI3vPItgV9K8KujDHhq6Ylk0T+x7OICppEE5WrKsKSJrtuu4PNDMv+jAG+wb0,4.326333,6.494776,14.299821,0,2591700,22.59272,Interactive,1,1.75
71400,aBesI3vPItgV9K8KujDHhq6Ylk0T+x7OICppEE5WrKsKSJrtuu4PNDMv+jAG+wb0,4.212121,5.227849,8.806049,0,2591700,22.59272,Interactive,1,1.75
71700,aBesI3vPItgV9K8KujDHhq6Ylk0T+x7OICppEE5WrKsKSJrtuu4PNDMv+jAG+wb0,3.86646,5.441661,9.362036,0,2591700,22.59272,Interactive,1,1.75
72000,aBesI3vPItgV9K8KujDHhq6Ylk0T+x7OICppEE5WrKsKSJrtuu4PNDMv+jAG+wb0,4.207042,5.534073,9.625427,0,2591700,22.59272,Interactive,1,1.75
72300,aBesI3vPItgV9K8KujDHhq6Ylk0T+x7OICppEE5WrKsKSJrtuu4PNDMv+jAG+wb0,3.990153,5.144342,8.968714,0,2591700,22.59272,Interactive,1,1.75
72600,aBesI3vPItgV9K8KujDHhq6Ylk0T+x7OICppEE5WrKsKSJrtuu4PNDMv+jAG+wb0,4.216051,6.892728999999999,10.957887,0,2591700,22.59272,Interactive,1,1.75
72900,aBesI3vPItgV9K8KujDHhq6Ylk0T+x7OICppEE5WrKsKSJrtuu4PNDMv+jAG+wb0,4.171229,5.789362000000001,9.703406,0,2591700,22.59272,Interactive,1,1.75
73200,aBesI3vPItgV9K8KujDHhq6Ylk0T+x7OICppEE5WrKsKSJrtuu4PNDMv+jAG+wb0,4.236108,5.306257,9.074532,0,2591700,22.59272,Interactive,1,1.75
73500,aBesI3vPItgV9K8KujDHhq6Ylk0T+x7OICppEE5WrKsKSJrtuu4PNDMv+jAG+wb0,4.221194000000001,5.5453980000000005,9.476306,0,2591700,22.59272,Interactive,1,1.75
73800,aBesI3vPItgV9K8KujDHhq6Ylk0T+x7OICppEE5WrKsKSJrtuu4PNDMv+jAG+wb0,4.150603,6.638649000000001,15.860956,0,2591700,22.59272,Interactive,1,1.75
74100,aBesI3vPItgV9K8KujDHhq6Ylk0T+x7OICppEE5WrKsKSJrtuu4PNDMv+jAG+wb0,3.970765,5.201146,8.798953,0,2591700,22.59272,Interactive,1,1.75
74400,aBesI3vPItgV9K8KujDHhq6Ylk0T+x7OICppEE5WrKsKSJrtuu4PNDMv+jAG+wb0,4.337231,6.584745,17.330547,0,2591700,22.59272,Interactive,1,1.75
74700,aBesI3vPItgV9K8KujDHhq6Ylk0T+x7OICppEE5WrKsKSJrtuu4PNDMv+jAG+wb0,4.288558999999999,5.7318370000000005,9.423312,0,2591700,22.59272,Interactive,1,1.75
75000,aBesI3vPItgV9K8KujDHhq6Ylk0T+x7OICppEE5WrKsKSJrtuu4PNDMv+jAG+wb0,3.584563,5.077653,8.954322,0,2591700,22.59272,Interactive,1,1.75
75300,aBesI3vPItgV9K8KujDHhq6Ylk0T+x7OICppEE5WrKsKSJrtuu4PNDMv+jAG+wb0,3.840081,5.29155,9.202121,0,2591700,22.59272,Interactive,1,1.75
75600,aBesI3vPItgV9K8KujDHhq6Ylk0T+x7OICppEE5WrKsKSJrtuu4PNDMv+jAG+wb0,4.1763010000000005,5.532031,9.567912,0,2591700,22.59272,Interactive,1,1.75
75900,aBesI3vPItgV9K8KujDHhq6Ylk0T+x7OICppEE5WrKsKSJrtuu4PNDMv+jAG+wb0,3.899496,7.405902,22.59272,0,2591700,22.59272,Interactive,1,1.75
76200,aBesI3vPItgV9K8KujDHhq6Ylk0T+x7OICppEE5WrKsKSJrtuu4PNDMv+jAG+wb0,4.038766000000001,5.451534,9.114866,0,2591700,22.59272,Interactive,1,1.75
76500,aBesI3vPItgV9K8KujDHhq6Ylk0T+x7OICppEE5WrKsKSJrtuu4PNDMv+jAG+wb0,3.928331,5.192805,6.609291000000001,0,2591700,22.59272,Interactive,1,1.75
76800,aBesI3vPItgV9K8KujDHhq6Ylk0T+x7OICppEE5WrKsKSJrtuu4PNDMv+jAG+wb0,4.076073,5.196228,8.809588,0,2591700,22.59272,Interactive,1,1.75
77100,aBesI3vPItgV9K8KujDHhq6Ylk0T+x7OICppEE5WrKsKSJrtuu4PNDMv+jAG+wb0,4.197822,6.1847900000000005,11.685858,0,2591700,22.59272,Interactive,1,1.75
77400,aBesI3vPItgV9K8KujDHhq6Ylk0T+x7OICppEE5WrKsKSJrtuu4PNDMv+jAG+wb0,4.121564,5.4739260000000005,9.773152,0,2591700,22.59272,Interactive,1,1.75
77700,aBesI3vPItgV9K8KujDHhq6Ylk0T+x7OICppEE5WrKsKSJrtuu4PNDMv+jAG+wb0,3.957037,5.4672,8.983813,0,2591700,22.59272,Interactive,1,1.75
78000,aBesI3vPItgV9K8KujDHhq6Ylk0T+x7OICppEE5WrKsKSJrtuu4PNDMv+jAG+wb0,4.087127,5.41584,9.121999,0,2591700,22.59272,Interactive,1,1.75
78300,aBesI3vPItgV9K8KujDHhq6Ylk0T+x7OICppEE5WrKsKSJrtuu4PNDMv+jAG+wb0,4.218701,5.8281730000000005,9.546468,0,2591700,22.59272,Interactive,1,1.75
78600,aBesI3vPItgV9K8KujDHhq6Ylk0T+x7OICppEE5WrKsKSJrtuu4PNDMv+jAG+wb0,4.077133,5.438306,9.110917,0,2591700,22.59272,Interactive,1,1.75
78900,aBesI3vPItgV9K8KujDHhq6Ylk0T+x7OICppEE5WrKsKSJrtuu4PNDMv+jAG+wb0,4.0646830000000005,5.451485,9.255203,0,2591700,22.59272,Interactive,1,1.75
79200,aBesI3vPItgV9K8KujDHhq6Ylk0T+x7OICppEE5WrKsKSJrtuu4PNDMv+jAG+wb0,4.730707,6.060865,10.588673,0,2591700,22.59272,Interactive,1,1.75
79500,aBesI3vPItgV9K8KujDHhq6Ylk0T+x7OICppEE5WrKsKSJrtuu4PNDMv+jAG+wb0,4.589714,8.429238,29.780522,0,2591700,22.59272,Interactive,1,1.75
79800,aBesI3vPItgV9K8KujDHhq6Ylk0T+x7OICppEE5WrKsKSJrtuu4PNDMv+jAG+wb0,4.126827,12.552604,46.28515,0,2591700,22.59272,Interactive,1,1.75
80100,aBesI3vPItgV9K8KujDHhq6Ylk0T+x7OICppEE5WrKsKSJrtuu4PNDMv+jAG+wb0,4.643607,5.999630000000001,10.832243,0,2591700,22.59272,Interactive,1,1.75
80400,aBesI3vPItgV9K8KujDHhq6Ylk0T+x7OICppEE5WrKsKSJrtuu4PNDMv+jAG+wb0,4.00864,5.814597,10.33793,0,2591700,22.59272,Interactive,1,1.75
80700,aBesI3vPItgV9K8KujDHhq6Ylk0T+x7OICppEE5WrKsKSJrtuu4PNDMv+jAG+wb0,4.1880120000000005,5.678315,10.171227,0,2591700,22.59272,Interactive,1,1.75
81000,aBesI3vPItgV9K8KujDHhq6Ylk0T+x7OICppEE5WrKsKSJrtuu4PNDMv+jAG+wb0,4.432529,5.92045,9.706465,0,2591700,22.59272,Interactive,1,1.75
81300,aBesI3vPItgV9K8KujDHhq6Ylk0T+x7OICppEE5WrKsKSJrtuu4PNDMv+jAG+wb0,3.953781,5.823267,10.698114,0,2591700,22.59272,Interactive,1,1.75
81600,aBesI3vPItgV9K8KujDHhq6Ylk0T+x7OICppEE5WrKsKSJrtuu4PNDMv+jAG+wb0,4.12592,5.446422,9.231958,0,2591700,22.59272,Interactive,1,1.75
81900,aBesI3vPItgV9K8KujDHhq6Ylk0T+x7OICppEE5WrKsKSJrtuu4PNDMv+jAG+wb0,4.225658,6.509974,16.204365,0,2591700,22.59272,Interactive,1,1.75
82200,aBesI3vPItgV9K8KujDHhq6Ylk0T+x7OICppEE5WrKsKSJrtuu4PNDMv+jAG+wb0,4.097957,5.454499,10.430998,0,2591700,22.59272,Interactive,1,1.75
82500,aBesI3vPItgV9K8KujDHhq6Ylk0T+x7OICppEE5WrKsKSJrtuu4PNDMv+jAG+wb0,4.162904,5.851425,9.164654,0,2591700,22.59272,Interactive,1,1.75
82800,aBesI3vPItgV9K8KujDHhq6Ylk0T+x7OICppEE5WrKsKSJrtuu4PNDMv+jAG+wb0,4.316884,5.409398,9.687641,0,2591700,22.59272,Interactive,1,1.75
83100,aBesI3vPItgV9K8KujDHhq6Ylk0T+x7OICppEE5WrKsKSJrtuu4PNDMv+jAG+wb0,4.086664,11.012474,59.428265,0,2591700,22.59272,Interactive,1,1.75
83400,aBesI3vPItgV9K8KujDHhq6Ylk0T+x7OICppEE5WrKsKSJrtuu4PNDMv+jAG+wb0,4.405851,5.5544,9.305087,0,2591700,22.59272,Interactive,1,1.75
83700,aBesI3vPItgV9K8KujDHhq6Ylk0T+x7OICppEE5WrKsKSJrtuu4PNDMv+jAG+wb0,4.289318,5.993149,10.233138,0,2591700,22.59272,Interactive,1,1.75
84000,aBesI3vPItgV9K8KujDHhq6Ylk0T+x7OICppEE5WrKsKSJrtuu4PNDMv+jAG+wb0,4.323321,5.763197,10.091609,0,2591700,22.59272,Interactive,1,1.75
84300,aBesI3vPItgV9K8KujDHhq6Ylk0T+x7OICppEE5WrKsKSJrtuu4PNDMv+jAG+wb0,3.945095,5.455192,9.390547,0,2591700,22.59272,Interactive,1,1.75
84600,aBesI3vPItgV9K8KujDHhq6Ylk0T+x7OICppEE5WrKsKSJrtuu4PNDMv+jAG+wb0,4.242599,5.124731,6.847494,0,2591700,22.59272,Interactive,1,1.75
84900,aBesI3vPItgV9K8KujDHhq6Ylk0T+x7OICppEE5WrKsKSJrtuu4PNDMv+jAG+wb0,4.159284,5.373895,10.282015,0,2591700,22.59272,Interactive,1,1.75
85200,aBesI3vPItgV9K8KujDHhq6Ylk0T+x7OICppEE5WrKsKSJrtuu4PNDMv+jAG+wb0,4.2380260000000005,5.553849,9.305974,0,2591700,22.59272,Interactive,1,1.75
85500,aBesI3vPItgV9K8KujDHhq6Ylk0T+x7OICppEE5WrKsKSJrtuu4PNDMv+jAG+wb0,4.188269,5.439324,9.604205,0,2591700,22.59272,Interactive,1,1.75
85800,aBesI3vPItgV9K8KujDHhq6Ylk0T+x7OICppEE5WrKsKSJrtuu4PNDMv+jAG+wb0,4.218726,5.561476,10.318728,0,2591700,22.59272,Interactive,1,1.75
86100,aBesI3vPItgV9K8KujDHhq6Ylk0T+x7OICppEE5WrKsKSJrtuu4PNDMv+jAG+wb0,4.033167,5.478089,9.305155,0,2591700,22.59272,Interactive,1,1.75
86400,aBesI3vPItgV9K8KujDHhq6Ylk0T+x7OICppEE5WrKsKSJrtuu4PNDMv+jAG+wb0,4.275492,5.45195,9.46668,0,2591700,22.59272,Interactive,1,1.75
86700,aBesI3vPItgV9K8KujDHhq6Ylk0T+x7OICppEE5WrKsKSJrtuu4PNDMv+jAG+wb0,4.196127,7.396311999999999,24.587711,0,2591700,22.59272,Interactive,1,1.75
87000,aBesI3vPItgV9K8KujDHhq6Ylk0T+x7OICppEE5WrKsKSJrtuu4PNDMv+jAG+wb0,4.204742,5.490574,9.521889,0,2591700,22.59272,Interactive,1,1.75
87300,aBesI3vPItgV9K8KujDHhq6Ylk0T+x7OICppEE5WrKsKSJrtuu4PNDMv+jAG+wb0,3.621301,4.85249,5.847341,0,2591700,22.59272,Interactive,1,1.75
87600,aBesI3vPItgV9K8KujDHhq6Ylk0T+x7OICppEE5WrKsKSJrtuu4PNDMv+jAG+wb0,4.324629,12.24901,34.457195,0,2591700,22.59272,Interactive,1,1.75
87900,aBesI3vPItgV9K8KujDHhq6Ylk0T+x7OICppEE5WrKsKSJrtuu4PNDMv+jAG+wb0,4.374439,5.691039,9.198425,0,2591700,22.59272,Interactive,1,1.75
88200,aBesI3vPItgV9K8KujDHhq6Ylk0T+x7OICppEE5WrKsKSJrtuu4PNDMv+jAG+wb0,4.080639,5.336395,9.359072,0,2591700,22.59272,Interactive,1,1.75
88500,aBesI3vPItgV9K8KujDHhq6Ylk0T+x7OICppEE5WrKsKSJrtuu4PNDMv+jAG+wb0,4.219425,5.460771,9.59862,0,2591700,22.59272,Interactive,1,1.75
88800,aBesI3vPItgV9K8KujDHhq6Ylk0T+x7OICppEE5WrKsKSJrtuu4PNDMv+jAG+wb0,4.156574,5.281411,9.076177,0,2591700,22.59272,Interactive,1,1.75
89100,aBesI3vPItgV9K8KujDHhq6Ylk0T+x7OICppEE5WrKsKSJrtuu4PNDMv+jAG+wb0,3.565732,6.412637999999999,11.193311,0,2591700,22.59272,Interactive,1,1.75
89400,aBesI3vPItgV9K8KujDHhq6Ylk0T+x7OICppEE5WrKsKSJrtuu4PNDMv+jAG+wb0,4.071365,5.359794,8.828078,0,2591700,22.59272,Interactive,1,1.75
89700,aBesI3vPItgV9K8KujDHhq6Ylk0T+x7OICppEE5WrKsKSJrtuu4PNDMv+jAG+wb0,3.942859,5.382384,9.073298,0,2591700,22.59272,Interactive,1,1.75
90000,aBesI3vPItgV9K8KujDHhq6Ylk0T+x7OICppEE5WrKsKSJrtuu4PNDMv+jAG+wb0,3.719144,4.737475,6.10407,0,2591700,22.59272,Interactive,1,1.75
90300,aBesI3vPItgV9K8KujDHhq6Ylk0T+x7OICppEE5WrKsKSJrtuu4PNDMv+jAG+wb0,3.977045,7.393081,25.434741,0,2591700,22.59272,Interactive,1,1.75
90600,aBesI3vPItgV9K8KujDHhq6Ylk0T+x7OICppEE5WrKsKSJrtuu4PNDMv+jAG+wb0,2.95914,5.289602,9.151973,0,2591700,22.59272,Interactive,1,1.75
90900,aBesI3vPItgV9K8KujDHhq6Ylk0T+x7OICppEE5WrKsKSJrtuu4PNDMv+jAG+wb0,4.14427,5.358841,9.520638,0,2591700,22.59272,Interactive,1,1.75
91200,aBesI3vPItgV9K8KujDHhq6Ylk0T+x7OICppEE5WrKsKSJrtuu4PNDMv+jAG+wb0,4.218025,5.426152,8.944616,0,2591700,22.59272,Interactive,1,1.75
91500,aBesI3vPItgV9K8KujDHhq6Ylk0T+x7OICppEE5WrKsKSJrtuu4PNDMv+jAG+wb0,4.232011,5.449008999999999,9.18968,0,2591700,22.59272,Interactive,1,1.75
91800,aBesI3vPItgV9K8KujDHhq6Ylk0T+x7OICppEE5WrKsKSJrtuu4PNDMv+jAG+wb0,2.954226,5.189430000000001,9.857324,0,2591700,22.59272,Interactive,1,1.75
92100,aBesI3vPItgV9K8KujDHhq6Ylk0T+x7OICppEE5WrKsKSJrtuu4PNDMv+jAG+wb0,3.252971,5.190633999999999,8.745778,0,2591700,22.59272,Interactive,1,1.75
92400,aBesI3vPItgV9K8KujDHhq6Ylk0T+x7OICppEE5WrKsKSJrtuu4PNDMv+jAG+wb0,4.213824,5.4641660000000005,9.379144,0,2591700,22.59272,Interactive,1,1.75
92700,aBesI3vPItgV9K8KujDHhq6Ylk0T+x7OICppEE5WrKsKSJrtuu4PNDMv+jAG+wb0,3.430232,4.7358970000000005,6.479412,0,2591700,22.59272,Interactive,1,1.75
93000,aBesI3vPItgV9K8KujDHhq6Ylk0T+x7OICppEE5WrKsKSJrtuu4PNDMv+jAG+wb0,4.230581,5.378387,9.007459,0,2591700,22.59272,Interactive,1,1.75
93300,aBesI3vPItgV9K8KujDHhq6Ylk0T+x7OICppEE5WrKsKSJrtuu4PNDMv+jAG+wb0,4.20316,5.968906,10.54035,0,2591700,22.59272,Interactive,1,1.75
93600,aBesI3vPItgV9K8KujDHhq6Ylk0T+x7OICppEE5WrKsKSJrtuu4PNDMv+jAG+wb0,4.101376999999999,5.345843,9.401181,0,2591700,22.59272,Interactive,1,1.75
93900,aBesI3vPItgV9K8KujDHhq6Ylk0T+x7OICppEE5WrKsKSJrtuu4PNDMv+jAG+wb0,4.081779,8.018668,16.317460999999998,0,2591700,22.59272,Interactive,1,1.75
94200,aBesI3vPItgV9K8KujDHhq6Ylk0T+x7OICppEE5WrKsKSJrtuu4PNDMv+jAG+wb0,4.121821,5.4052050000000005,9.221321,0,2591700,22.59272,Interactive,1,1.75
94500,aBesI3vPItgV9K8KujDHhq6Ylk0T+x7OICppEE5WrKsKSJrtuu4PNDMv+jAG+wb0,4.009556,5.617018,9.352076,0,2591700,22.59272,Interactive,1,1.75
94800,aBesI3vPItgV9K8KujDHhq6Ylk0T+x7OICppEE5WrKsKSJrtuu4PNDMv+jAG+wb0,2.720479,5.194857,8.950071000000001,0,2591700,22.59272,Interactive,1,1.75
95100,aBesI3vPItgV9K8KujDHhq6Ylk0T+x7OICppEE5WrKsKSJrtuu4PNDMv+jAG+wb0,3.973539,5.381085,9.284192,0,2591700,22.59272,Interactive,1,1.75
95400,aBesI3vPItgV9K8KujDHhq6Ylk0T+x7OICppEE5WrKsKSJrtuu4PNDMv+jAG+wb0,3.101603,4.70474,6.476197,0,2591700,22.59272,Interactive,1,1.75
95700,aBesI3vPItgV9K8KujDHhq6Ylk0T+x7OICppEE5WrKsKSJrtuu4PNDMv+jAG+wb0,3.973044,5.7771300000000005,9.111781,0,2591700,22.59272,Interactive,1,1.75
96000,aBesI3vPItgV9K8KujDHhq6Ylk0T+x7OICppEE5WrKsKSJrtuu4PNDMv+jAG+wb0,3.980228,5.429651,9.507383,0,2591700,22.59272,Interactive,1,1.75
96300,aBesI3vPItgV9K8KujDHhq6Ylk0T+x7OICppEE5WrKsKSJrtuu4PNDMv+jAG+wb0,4.173841,6.625648,13.802772,0,2591700,22.59272,Interactive,1,1.75
96600,aBesI3vPItgV9K8KujDHhq6Ylk0T+x7OICppEE5WrKsKSJrtuu4PNDMv+jAG+wb0,4.279124,6.002541000000001,11.900767,0,2591700,22.59272,Interactive,1,1.75
96900,aBesI3vPItgV9K8KujDHhq6Ylk0T+x7OICppEE5WrKsKSJrtuu4PNDMv+jAG+wb0,4.344849,5.400371,9.107767,0,2591700,22.59272,Interactive,1,1.75
97200,aBesI3vPItgV9K8KujDHhq6Ylk0T+x7OICppEE5WrKsKSJrtuu4PNDMv+jAG+wb0,3.259102,5.264891,9.322476,0,2591700,22.59272,Interactive,1,1.75
97500,aBesI3vPItgV9K8KujDHhq6Ylk0T+x7OICppEE5WrKsKSJrtuu4PNDMv+jAG+wb0,3.443255,7.298758,25.0212,0,2591700,22.59272,Interactive,1,1.75
97800,aBesI3vPItgV9K8KujDHhq6Ylk0T+x7OICppEE5WrKsKSJrtuu4PNDMv+jAG+wb0,4.1788870000000005,5.366008,9.313239,0,2591700,22.59272,Interactive,1,1.75
98100,aBesI3vPItgV9K8KujDHhq6Ylk0T+x7OICppEE5WrKsKSJrtuu4PNDMv+jAG+wb0,4.021527,5.049868,6.934698,0,2591700,22.59272,Interactive,1,1.75
98400,aBesI3vPItgV9K8KujDHhq6Ylk0T+x7OICppEE5WrKsKSJrtuu4PNDMv+jAG+wb0,4.097164,5.34178,8.917382,0,2591700,22.59272,Interactive,1,1.75
98700,aBesI3vPItgV9K8KujDHhq6Ylk0T+x7OICppEE5WrKsKSJrtuu4PNDMv+jAG+wb0,4.304333,5.262432,9.467457,0,2591700,22.59272,Interactive,1,1.75
99000,aBesI3vPItgV9K8KujDHhq6Ylk0T+x7OICppEE5WrKsKSJrtuu4PNDMv+jAG+wb0,4.208456,5.478989,10.599608,0,2591700,22.59272,Interactive,1,1.75
99300,aBesI3vPItgV9K8KujDHhq6Ylk0T+x7OICppEE5WrKsKSJrtuu4PNDMv+jAG+wb0,3.962703,5.579649,9.157554,0,2591700,22.59272,Interactive,1,1.75
99600,aBesI3vPItgV9K8KujDHhq6Ylk0T+x7OICppEE5WrKsKSJrtuu4PNDMv+jAG+wb0,3.972092,5.249403,9.470555,0,2591700,22.59272,Interactive,1,1.75
99900,aBesI3vPItgV9K8KujDHhq6Ylk0T+x7OICppEE5WrKsKSJrtuu4PNDMv+jAG+wb0,3.409066,5.242889,10.831597,0,2591700,22.59272,Interactive,1,1.75
100200,aBesI3vPItgV9K8KujDHhq6Ylk0T+x7OICppEE5WrKsKSJrtuu4PNDMv+jAG+wb0,2.840138,5.048175,8.922499,0,2591700,22.59272,Interactive,1,1.75
100500,aBesI3vPItgV9K8KujDHhq6Ylk0T+x7OICppEE5WrKsKSJrtuu4PNDMv+jAG+wb0,4.300721,5.300345,9.276673,0,2591700,22.59272,Interactive,1,1.75
100800,aBesI3vPItgV9K8KujDHhq6Ylk0T+x7OICppEE5WrKsKSJrtuu4PNDMv+jAG+wb0,2.934647,4.714781,6.081302,0,2591700,22.59272,Interactive,1,1.75
101100,aBesI3vPItgV9K8KujDHhq6Ylk0T+x7OICppEE5WrKsKSJrtuu4PNDMv+jAG+wb0,4.113675,7.341997999999999,24.240904,0,2591700,22.59272,Interactive,1,1.75
101400,aBesI3vPItgV9K8KujDHhq6Ylk0T+x7OICppEE5WrKsKSJrtuu4PNDMv+jAG+wb0,4.046621,5.625356,9.138742,0,2591700,22.59272,Interactive,1,1.75
101700,aBesI3vPItgV9K8KujDHhq6Ylk0T+x7OICppEE5WrKsKSJrtuu4PNDMv+jAG+wb0,4.293225,5.518092,10.700788,0,2591700,22.59272,Interactive,1,1.75
102000,aBesI3vPItgV9K8KujDHhq6Ylk0T+x7OICppEE5WrKsKSJrtuu4PNDMv+jAG+wb0,3.984185,5.339208,8.931591000000001,0,2591700,22.59272,Interactive,1,1.75
102300,aBesI3vPItgV9K8KujDHhq6Ylk0T+x7OICppEE5WrKsKSJrtuu4PNDMv+jAG+wb0,4.004557,5.362857,9.140421,0,2591700,22.59272,Interactive,1,1.75
102600,aBesI3vPItgV9K8KujDHhq6Ylk0T+x7OICppEE5WrKsKSJrtuu4PNDMv+jAG+wb0,3.754408,5.316039,10.947922,0,2591700,22.59272,Interactive,1,1.75
102900,aBesI3vPItgV9K8KujDHhq6Ylk0T+x7OICppEE5WrKsKSJrtuu4PNDMv+jAG+wb0,3.139595,5.1353860000000005,9.248068,0,2591700,22.59272,Interactive,1,1.75
103200,aBesI3vPItgV9K8KujDHhq6Ylk0T+x7OICppEE5WrKsKSJrtuu4PNDMv+jAG+wb0,4.136806,5.26339,9.447107,0,2591700,22.59272,Interactive,1,1.75
103500,aBesI3vPItgV9K8KujDHhq6Ylk0T+x7OICppEE5WrKsKSJrtuu4PNDMv+jAG+wb0,3.985973,6.492849,12.792856,0,2591700,22.59272,Interactive,1,1.75
103800,aBesI3vPItgV9K8KujDHhq6Ylk0T+x7OICppEE5WrKsKSJrtuu4PNDMv+jAG+wb0,3.969374,5.585218,9.335626,0,2591700,22.59272,Interactive,1,1.75
104100,aBesI3vPItgV9K8KujDHhq6Ylk0T+x7OICppEE5WrKsKSJrtuu4PNDMv+jAG+wb0,4.112521,5.550367,9.599712,0,2591700,22.59272,Interactive,1,1.75
104400,aBesI3vPItgV9K8KujDHhq6Ylk0T+x7OICppEE5WrKsKSJrtuu4PNDMv+jAG+wb0,4.268052,5.511171,10.678729,0,2591700,22.59272,Interactive,1,1.75
104700,aBesI3vPItgV9K8KujDHhq6Ylk0T+x7OICppEE5WrKsKSJrtuu4PNDMv+jAG+wb0,4.050211,7.407836,19.641736,0,2591700,22.59272,Interactive,1,1.75
105000,aBesI3vPItgV9K8KujDHhq6Ylk0T+x7OICppEE5WrKsKSJrtuu4PNDMv+jAG+wb0,4.201044,5.382021,9.800428,0,2591700,22.59272,Interactive,1,1.75
105300,aBesI3vPItgV9K8KujDHhq6Ylk0T+x7OICppEE5WrKsKSJrtuu4PNDMv+jAG+wb0,3.171147,5.247635,10.919884,0,2591700,22.59272,Interactive,1,1.75
105600,aBesI3vPItgV9K8KujDHhq6Ylk0T+x7OICppEE5WrKsKSJrtuu4PNDMv+jAG+wb0,4.147169,5.572934,9.392944,0,2591700,22.59272,Interactive,1,1.75
105900,aBesI3vPItgV9K8KujDHhq6Ylk0T+x7OICppEE5WrKsKSJrtuu4PNDMv+jAG+wb0,4.138901000000001,5.3063970000000005,9.706645,0,2591700,22.59272,Interactive,1,1.75
106200,aBesI3vPItgV9K8KujDHhq6Ylk0T+x7OICppEE5WrKsKSJrtuu4PNDMv+jAG+wb0,3.063985,4.752691,6.407991,0,2591700,22.59272,Interactive,1,1.75
106500,aBesI3vPItgV9K8KujDHhq6Ylk0T+x7OICppEE5WrKsKSJrtuu4PNDMv+jAG+wb0,4.091564,5.313105,9.354906,0,2591700,22.59272,Interactive,1,1.75
106800,aBesI3vPItgV9K8KujDHhq6Ylk0T+x7OICppEE5WrKsKSJrtuu4PNDMv+jAG+wb0,3.656659,5.164403,9.940023,0,2591700,22.59272,Interactive,1,1.75
107100,aBesI3vPItgV9K8KujDHhq6Ylk0T+x7OICppEE5WrKsKSJrtuu4PNDMv+jAG+wb0,3.949354,5.501530000000001,9.364857,0,2591700,22.59272,Interactive,1,1.75
107400,aBesI3vPItgV9K8KujDHhq6Ylk0T+x7OICppEE5WrKsKSJrtuu4PNDMv+jAG+wb0,3.937205000000001,7.746435000000001,30.247474,0,2591700,22.59272,Interactive,1,1.75
107700,aBesI3vPItgV9K8KujDHhq6Ylk0T+x7OICppEE5WrKsKSJrtuu4PNDMv+jAG+wb0,4.232271,5.35187,9.789272,0,2591700,22.59272,Interactive,1,1.75
108000,aBesI3vPItgV9K8KujDHhq6Ylk0T+x7OICppEE5WrKsKSJrtuu4PNDMv+jAG+wb0,2.923445,5.404649,9.717785,0,2591700,22.59272,Interactive,1,1.75
108300,aBesI3vPItgV9K8KujDHhq6Ylk0T+x7OICppEE5WrKsKSJrtuu4PNDMv+jAG+wb0,3.161973,7.276439999999999,25.116483,0,2591700,22.59272,Interactive,1,1.75
108600,aBesI3vPItgV9K8KujDHhq6Ylk0T+x7OICppEE5WrKsKSJrtuu4PNDMv+jAG+wb0,4.087203,5.312790000000001,9.789911,0,2591700,22.59272,Interactive,1,1.75
108900,aBesI3vPItgV9K8KujDHhq6Ylk0T+x7OICppEE5WrKsKSJrtuu4PNDMv+jAG+wb0,3.921398,4.965216000000001,7.400507000000001,0,2591700,22.59272,Interactive,1,1.75
109200,aBesI3vPItgV9K8KujDHhq6Ylk0T+x7OICppEE5WrKsKSJrtuu4PNDMv+jAG+wb0,4.009567,5.339043,9.34209,0,2591700,22.59272,Interactive,1,1.75
109500,aBesI3vPItgV9K8KujDHhq6Ylk0T+x7OICppEE5WrKsKSJrtuu4PNDMv+jAG+wb0,3.166385,5.195946,9.51656,0,2591700,22.59272,Interactive,1,1.75
109800,aBesI3vPItgV9K8KujDHhq6Ylk0T+x7OICppEE5WrKsKSJrtuu4PNDMv+jAG+wb0,4.1948870000000005,5.523105999999999,9.640362,0,2591700,22.59272,Interactive,1,1.75
110100,aBesI3vPItgV9K8KujDHhq6Ylk0T+x7OICppEE5WrKsKSJrtuu4PNDMv+jAG+wb0,3.485923,5.226327,9.597432,0,2591700,22.59272,Interactive,1,1.75
110400,aBesI3vPItgV9K8KujDHhq6Ylk0T+x7OICppEE5WrKsKSJrtuu4PNDMv+jAG+wb0,4.046941,5.3182160000000005,9.578181,0,2591700,22.59272,Interactive,1,1.75
110700,aBesI3vPItgV9K8KujDHhq6Ylk0T+x7OICppEE5WrKsKSJrtuu4PNDMv+jAG+wb0,4.058274,6.5921460000000005,14.803328,0,2591700,22.59272,Interactive,1,1.75
111000,aBesI3vPItgV9K8KujDHhq6Ylk0T+x7OICppEE5WrKsKSJrtuu4PNDMv+jAG+wb0,4.1337660000000005,6.434462,11.995174,0,2591700,22.59272,Interactive,1,1.75
111300,aBesI3vPItgV9K8KujDHhq6Ylk0T+x7OICppEE5WrKsKSJrtuu4PNDMv+jAG+wb0,4.136707,5.494234,9.946393,0,2591700,22.59272,Interactive,1,1.75
111600,aBesI3vPItgV9K8KujDHhq6Ylk0T+x7OICppEE5WrKsKSJrtuu4PNDMv+jAG+wb0,4.177219,5.209007,7.275361999999999,0,2591700,22.59272,Interactive,1,1.75
111900,aBesI3vPItgV9K8KujDHhq6Ylk0T+x7OICppEE5WrKsKSJrtuu4PNDMv+jAG+wb0,4.152256,7.434106,25.244017000000003,0,2591700,22.59272,Interactive,1,1.75
112200,aBesI3vPItgV9K8KujDHhq6Ylk0T+x7OICppEE5WrKsKSJrtuu4PNDMv+jAG+wb0,3.282374,5.303073,9.945785,0,2591700,22.59272,Interactive,1,1.75
112500,aBesI3vPItgV9K8KujDHhq6Ylk0T+x7OICppEE5WrKsKSJrtuu4PNDMv+jAG+wb0,4.11921,5.564793,9.623342999999998,0,2591700,22.59272,Interactive,1,1.75
112800,aBesI3vPItgV9K8KujDHhq6Ylk0T+x7OICppEE5WrKsKSJrtuu4PNDMv+jAG+wb0,3.958289,5.256346,8.951668,0,2591700,22.59272,Interactive,1,1.75
113100,aBesI3vPItgV9K8KujDHhq6Ylk0T+x7OICppEE5WrKsKSJrtuu4PNDMv+jAG+wb0,4.252983,5.517238,9.396277,0,2591700,22.59272,Interactive,1,1.75
113400,aBesI3vPItgV9K8KujDHhq6Ylk0T+x7OICppEE5WrKsKSJrtuu4PNDMv+jAG+wb0,4.238425,5.705137000000001,9.593195,0,2591700,22.59272,Interactive,1,1.75
113700,aBesI3vPItgV9K8KujDHhq6Ylk0T+x7OICppEE5WrKsKSJrtuu4PNDMv+jAG+wb0,4.108695,5.450361,8.990461999999999,0,2591700,22.59272,Interactive,1,1.75
114000,aBesI3vPItgV9K8KujDHhq6Ylk0T+x7OICppEE5WrKsKSJrtuu4PNDMv+jAG+wb0,4.057462999999999,5.3778760000000005,9.568212,0,2591700,22.59272,Interactive,1,1.75
114300,aBesI3vPItgV9K8KujDHhq6Ylk0T+x7OICppEE5WrKsKSJrtuu4PNDMv+jAG+wb0,3.066289,4.843917,6.964524000000001,0,2591700,22.59272,Interactive,1,1.75
114600,aBesI3vPItgV9K8KujDHhq6Ylk0T+x7OICppEE5WrKsKSJrtuu4PNDMv+jAG+wb0,4.178046,5.44545,9.094224,0,2591700,22.59272,Interactive,1,1.75
114900,aBesI3vPItgV9K8KujDHhq6Ylk0T+x7OICppEE5WrKsKSJrtuu4PNDMv+jAG+wb0,3.5466230000000003,5.354721,9.467049,0,2591700,22.59272,Interactive,1,1.75
115200,aBesI3vPItgV9K8KujDHhq6Ylk0T+x7OICppEE5WrKsKSJrtuu4PNDMv+jAG+wb0,4.264784,5.582974,9.564802,0,2591700,22.59272,Interactive,1,1.75
115500,aBesI3vPItgV9K8KujDHhq6Ylk0T+x7OICppEE5WrKsKSJrtuu4PNDMv+jAG+wb0,3.405047,7.168154,27.878693,0,2591700,22.59272,Interactive,1,1.75
115800,aBesI3vPItgV9K8KujDHhq6Ylk0T+x7OICppEE5WrKsKSJrtuu4PNDMv+jAG+wb0,4.079465,5.454665,10.519688,0,2591700,22.59272,Interactive,1,1.75
116100,aBesI3vPItgV9K8KujDHhq6Ylk0T+x7OICppEE5WrKsKSJrtuu4PNDMv+jAG+wb0,4.593296,5.858758,9.629657,0,2591700,22.59272,Interactive,1,1.75
116400,aBesI3vPItgV9K8KujDHhq6Ylk0T+x7OICppEE5WrKsKSJrtuu4PNDMv+jAG+wb0,3.125566,11.758379,37.776194,0,2591700,22.59272,Interactive,1,1.75
116700,aBesI3vPItgV9K8KujDHhq6Ylk0T+x7OICppEE5WrKsKSJrtuu4PNDMv+jAG+wb0,4.076001,5.614508,10.63568,0,2591700,22.59272,Interactive,1,1.75
117000,aBesI3vPItgV9K8KujDHhq6Ylk0T+x7OICppEE5WrKsKSJrtuu4PNDMv+jAG+wb0,3.405496,5.391728,9.582289,0,2591700,22.59272,Interactive,1,1.75
117300,aBesI3vPItgV9K8KujDHhq6Ylk0T+x7OICppEE5WrKsKSJrtuu4PNDMv+jAG+wb0,4.11688,5.1698830000000005,9.014617,0,2591700,22.59272,Interactive,1,1.75
117600,aBesI3vPItgV9K8KujDHhq6Ylk0T+x7OICppEE5WrKsKSJrtuu4PNDMv+jAG+wb0,4.17433,5.475712000000001,11.197065,0,2591700,22.59272,Interactive,1,1.75
117900,aBesI3vPItgV9K8KujDHhq6Ylk0T+x7OICppEE5WrKsKSJrtuu4PNDMv+jAG+wb0,4.214323,6.358194999999999,18.052193,0,2591700,22.59272,Interactive,1,1.75
118200,aBesI3vPItgV9K8KujDHhq6Ylk0T+x7OICppEE5WrKsKSJrtuu4PNDMv+jAG+wb0,4.173479,5.377971,9.151739,0,2591700,22.59272,Interactive,1,1.75
118500,aBesI3vPItgV9K8KujDHhq6Ylk0T+x7OICppEE5WrKsKSJrtuu4PNDMv+jAG+wb0,4.389734,5.497315,10.633485,0,2591700,22.59272,Interactive,1,1.75
118800,aBesI3vPItgV9K8KujDHhq6Ylk0T+x7OICppEE5WrKsKSJrtuu4PNDMv+jAG+wb0,3.619581,5.306561,9.30176,0,2591700,22.59272,Interactive,1,1.75
119100,aBesI3vPItgV9K8KujDHhq6Ylk0T+x7OICppEE5WrKsKSJrtuu4PNDMv+jAG+wb0,3.113796,7.12692,30.04301,0,2591700,22.59272,Interactive,1,1.75
119400,aBesI3vPItgV9K8KujDHhq6Ylk0T+x7OICppEE5WrKsKSJrtuu4PNDMv+jAG+wb0,4.19495,5.6022050000000005,10.53876,0,2591700,22.59272,Interactive,1,1.75
119700,aBesI3vPItgV9K8KujDHhq6Ylk0T+x7OICppEE5WrKsKSJrtuu4PNDMv+jAG+wb0,3.56935,5.438994,9.607054,0,2591700,22.59272,Interactive,1,1.75
120000,aBesI3vPItgV9K8KujDHhq6Ylk0T+x7OICppEE5WrKsKSJrtuu4PNDMv+jAG+wb0,4.260473,5.29799,8.983692999999999,0,2591700,22.59272,Interactive,1,1.75
120300,aBesI3vPItgV9K8KujDHhq6Ylk0T+x7OICppEE5WrKsKSJrtuu4PNDMv+jAG+wb0,3.114023,5.438356,11.119098,0,2591700,22.59272,Interactive,1,1.75
120600,aBesI3vPItgV9K8KujDHhq6Ylk0T+x7OICppEE5WrKsKSJrtuu4PNDMv+jAG+wb0,4.322533,5.577959,9.556297,0,2591700,22.59272,Interactive,1,1.75
120900,aBesI3vPItgV9K8KujDHhq6Ylk0T+x7OICppEE5WrKsKSJrtuu4PNDMv+jAG+wb0,2.884773,5.063475,9.021973,0,2591700,22.59272,Interactive,1,1.75
121200,aBesI3vPItgV9K8KujDHhq6Ylk0T+x7OICppEE5WrKsKSJrtuu4PNDMv+jAG+wb0,4.237522,5.562858,10.553163,0,2591700,22.59272,Interactive,1,1.75
121500,aBesI3vPItgV9K8KujDHhq6Ylk0T+x7OICppEE5WrKsKSJrtuu4PNDMv+jAG+wb0,3.4597830000000003,5.272532,9.629118,0,2591700,22.59272,Interactive,1,1.75
121800,aBesI3vPItgV9K8KujDHhq6Ylk0T+x7OICppEE5WrKsKSJrtuu4PNDMv+jAG+wb0,3.22107,5.139759,8.941406,0,2591700,22.59272,Interactive,1,1.75
122100,aBesI3vPItgV9K8KujDHhq6Ylk0T+x7OICppEE5WrKsKSJrtuu4PNDMv+jAG+wb0,4.299777,5.585652,10.799129,0,2591700,22.59272,Interactive,1,1.75
122400,aBesI3vPItgV9K8KujDHhq6Ylk0T+x7OICppEE5WrKsKSJrtuu4PNDMv+jAG+wb0,3.890057,5.481808999999999,9.340369,0,2591700,22.59272,Interactive,1,1.75
122700,aBesI3vPItgV9K8KujDHhq6Ylk0T+x7OICppEE5WrKsKSJrtuu4PNDMv+jAG+wb0,4.229386,7.335661,24.585511,0,2591700,22.59272,Interactive,1,1.75
123000,aBesI3vPItgV9K8KujDHhq6Ylk0T+x7OICppEE5WrKsKSJrtuu4PNDMv+jAG+wb0,3.0871310000000003,5.383726,10.870746,0,2591700,22.59272,Interactive,1,1.75
123300,aBesI3vPItgV9K8KujDHhq6Ylk0T+x7OICppEE5WrKsKSJrtuu4PNDMv+jAG+wb0,4.251674,5.522633,9.459289,0,2591700,22.59272,Interactive,1,1.75
123600,aBesI3vPItgV9K8KujDHhq6Ylk0T+x7OICppEE5WrKsKSJrtuu4PNDMv+jAG+wb0,3.669487,5.254535,8.940211999999999,0,2591700,22.59272,Interactive,1,1.75
123900,aBesI3vPItgV9K8KujDHhq6Ylk0T+x7OICppEE5WrKsKSJrtuu4PNDMv+jAG+wb0,4.205481,5.6225,10.579543,0,2591700,22.59272,Interactive,1,1.75
124200,aBesI3vPItgV9K8KujDHhq6Ylk0T+x7OICppEE5WrKsKSJrtuu4PNDMv+jAG+wb0,3.242588,5.320817,9.332721,0,2591700,22.59272,Interactive,1,1.75
124500,aBesI3vPItgV9K8KujDHhq6Ylk0T+x7OICppEE5WrKsKSJrtuu4PNDMv+jAG+wb0,3.569718,5.689074,9.31866,0,2591700,22.59272,Interactive,1,1.75
124800,aBesI3vPItgV9K8KujDHhq6Ylk0T+x7OICppEE5WrKsKSJrtuu4PNDMv+jAG+wb0,4.512576999999999,5.595226,9.725577,0,2591700,22.59272,Interactive,1,1.75
125100,aBesI3vPItgV9K8KujDHhq6Ylk0T+x7OICppEE5WrKsKSJrtuu4PNDMv+jAG+wb0,4.212428,6.120164,9.584089,0,2591700,22.59272,Interactive,1,1.75
125400,aBesI3vPItgV9K8KujDHhq6Ylk0T+x7OICppEE5WrKsKSJrtuu4PNDMv+jAG+wb0,4.015429,5.612336,9.19112,0,2591700,22.59272,Interactive,1,1.75
125700,aBesI3vPItgV9K8KujDHhq6Ylk0T+x7OICppEE5WrKsKSJrtuu4PNDMv+jAG+wb0,3.612157,5.452795,9.814642,0,2591700,22.59272,Interactive,1,1.75
126000,aBesI3vPItgV9K8KujDHhq6Ylk0T+x7OICppEE5WrKsKSJrtuu4PNDMv+jAG+wb0,4.022706,5.614508,9.478936,0,2591700,22.59272,Interactive,1,1.75
126300,aBesI3vPItgV9K8KujDHhq6Ylk0T+x7OICppEE5WrKsKSJrtuu4PNDMv+jAG+wb0,4.155314,7.282121000000001,24.648015,0,2591700,22.59272,Interactive,1,1.75
126600,aBesI3vPItgV9K8KujDHhq6Ylk0T+x7OICppEE5WrKsKSJrtuu4PNDMv+jAG+wb0,4.323025,5.649183,9.482748,0,2591700,22.59272,Interactive,1,1.75
126900,aBesI3vPItgV9K8KujDHhq6Ylk0T+x7OICppEE5WrKsKSJrtuu4PNDMv+jAG+wb0,3.876607,5.373923,9.344923,0,2591700,22.59272,Interactive,1,1.75
127200,aBesI3vPItgV9K8KujDHhq6Ylk0T+x7OICppEE5WrKsKSJrtuu4PNDMv+jAG+wb0,3.346305,5.0918220000000005,8.963067,0,2591700,22.59272,Interactive,1,1.75
127500,aBesI3vPItgV9K8KujDHhq6Ylk0T+x7OICppEE5WrKsKSJrtuu4PNDMv+jAG+wb0,4.3972430000000005,5.5567720000000005,9.410946,0,2591700,22.59272,Interactive,1,1.75
127800,aBesI3vPItgV9K8KujDHhq6Ylk0T+x7OICppEE5WrKsKSJrtuu4PNDMv+jAG+wb0,4.0647910000000005,5.58406,9.355512,0,2591700,22.59272,Interactive,1,1.75
128100,aBesI3vPItgV9K8KujDHhq6Ylk0T+x7OICppEE5WrKsKSJrtuu4PNDMv+jAG+wb0,4.140269,5.250508,9.13758,0,2591700,22.59272,Interactive,1,1.75
128400,aBesI3vPItgV9K8KujDHhq6Ylk0T+x7OICppEE5WrKsKSJrtuu4PNDMv+jAG+wb0,4.203384,5.521628,9.587238,0,2591700,22.59272,Interactive,1,1.75
128700,aBesI3vPItgV9K8KujDHhq6Ylk0T+x7OICppEE5WrKsKSJrtuu4PNDMv+jAG+wb0,4.35769,5.691,9.677969,0,2591700,22.59272,Interactive,1,1.75
129000,aBesI3vPItgV9K8KujDHhq6Ylk0T+x7OICppEE5WrKsKSJrtuu4PNDMv+jAG+wb0,4.216699,5.299292,8.879783,0,2591700,22.59272,Interactive,1,1.75
129300,aBesI3vPItgV9K8KujDHhq6Ylk0T+x7OICppEE5WrKsKSJrtuu4PNDMv+jAG+wb0,4.476945,5.623334,9.274455,0,2591700,22.59272,Interactive,1,1.75
129600,aBesI3vPItgV9K8KujDHhq6Ylk0T+x7OICppEE5WrKsKSJrtuu4PNDMv+jAG+wb0,4.075009,5.415359,9.384502,0,2591700,22.59272,Interactive,1,1.75
129900,aBesI3vPItgV9K8KujDHhq6Ylk0T+x7OICppEE5WrKsKSJrtuu4PNDMv+jAG+wb0,3.076505,7.074035,24.352031,0,2591700,22.59272,Interactive,1,1.75
130200,aBesI3vPItgV9K8KujDHhq6Ylk0T+x7OICppEE5WrKsKSJrtuu4PNDMv+jAG+wb0,4.395593,5.597743,9.328427,0,2591700,22.59272,Interactive,1,1.75
130500,aBesI3vPItgV9K8KujDHhq6Ylk0T+x7OICppEE5WrKsKSJrtuu4PNDMv+jAG+wb0,3.015414,5.413238,9.447578,0,2591700,22.59272,Interactive,1,1.75
130800,aBesI3vPItgV9K8KujDHhq6Ylk0T+x7OICppEE5WrKsKSJrtuu4PNDMv+jAG+wb0,4.027086,5.320844,9.330887,0,2591700,22.59272,Interactive,1,1.75
131100,aBesI3vPItgV9K8KujDHhq6Ylk0T+x7OICppEE5WrKsKSJrtuu4PNDMv+jAG+wb0,3.957383,5.773592,9.593248,0,2591700,22.59272,Interactive,1,1.75
131400,aBesI3vPItgV9K8KujDHhq6Ylk0T+x7OICppEE5WrKsKSJrtuu4PNDMv+jAG+wb0,4.102187000000001,5.573823,9.327254,0,2591700,22.59272,Interactive,1,1.75
131700,aBesI3vPItgV9K8KujDHhq6Ylk0T+x7OICppEE5WrKsKSJrtuu4PNDMv+jAG+wb0,3.881063,5.275251,9.17571,0,2591700,22.59272,Interactive,1,1.75
132000,aBesI3vPItgV9K8KujDHhq6Ylk0T+x7OICppEE5WrKsKSJrtuu4PNDMv+jAG+wb0,4.476458999999999,5.544228,9.567389,0,2591700,22.59272,Interactive,1,1.75
132300,aBesI3vPItgV9K8KujDHhq6Ylk0T+x7OICppEE5WrKsKSJrtuu4PNDMv+jAG+wb0,3.759611,6.908544,16.334877,0,2591700,22.59272,Interactive,1,1.75
132600,aBesI3vPItgV9K8KujDHhq6Ylk0T+x7OICppEE5WrKsKSJrtuu4PNDMv+jAG+wb0,3.250119,6.386596,11.795047,0,2591700,22.59272,Interactive,1,1.75
132900,aBesI3vPItgV9K8KujDHhq6Ylk0T+x7OICppEE5WrKsKSJrtuu4PNDMv+jAG+wb0,4.53063,6.333526,12.219302,0,2591700,22.59272,Interactive,1,1.75
133200,aBesI3vPItgV9K8KujDHhq6Ylk0T+x7OICppEE5WrKsKSJrtuu4PNDMv+jAG+wb0,3.853361,6.423465,9.775583,0,2591700,22.59272,Interactive,1,1.75
133500,aBesI3vPItgV9K8KujDHhq6Ylk0T+x7OICppEE5WrKsKSJrtuu4PNDMv+jAG+wb0,4.359317,8.057935,16.875415,0,2591700,22.59272,Interactive,1,1.75
133800,aBesI3vPItgV9K8KujDHhq6Ylk0T+x7OICppEE5WrKsKSJrtuu4PNDMv+jAG+wb0,3.356303,5.412575,10.092851,0,2591700,22.59272,Interactive,1,1.75
134100,aBesI3vPItgV9K8KujDHhq6Ylk0T+x7OICppEE5WrKsKSJrtuu4PNDMv+jAG+wb0,4.042893,5.444583000000001,9.852684,0,2591700,22.59272,Interactive,1,1.75
134400,aBesI3vPItgV9K8KujDHhq6Ylk0T+x7OICppEE5WrKsKSJrtuu4PNDMv+jAG+wb0,3.496578,5.380971,10.755183,0,2591700,22.59272,Interactive,1,1.75
134700,aBesI3vPItgV9K8KujDHhq6Ylk0T+x7OICppEE5WrKsKSJrtuu4PNDMv+jAG+wb0,3.916215,5.586803,9.778152,0,2591700,22.59272,Interactive,1,1.75
135000,aBesI3vPItgV9K8KujDHhq6Ylk0T+x7OICppEE5WrKsKSJrtuu4PNDMv+jAG+wb0,3.007044,5.132628,9.915228,0,2591700,22.59272,Interactive,1,1.75
135300,aBesI3vPItgV9K8KujDHhq6Ylk0T+x7OICppEE5WrKsKSJrtuu4PNDMv+jAG+wb0,3.674809,5.251656,10.743672,0,2591700,22.59272,Interactive,1,1.75
135600,aBesI3vPItgV9K8KujDHhq6Ylk0T+x7OICppEE5WrKsKSJrtuu4PNDMv+jAG+wb0,3.919805,5.540655,9.501678,0,2591700,22.59272,Interactive,1,1.75
135900,aBesI3vPItgV9K8KujDHhq6Ylk0T+x7OICppEE5WrKsKSJrtuu4PNDMv+jAG+wb0,3.385259,5.324807,9.668771,0,2591700,22.59272,Interactive,1,1.75
136200,aBesI3vPItgV9K8KujDHhq6Ylk0T+x7OICppEE5WrKsKSJrtuu4PNDMv+jAG+wb0,3.923258,5.461956,10.725271,0,2591700,22.59272,Interactive,1,1.75
136500,aBesI3vPItgV9K8KujDHhq6Ylk0T+x7OICppEE5WrKsKSJrtuu4PNDMv+jAG+wb0,3.812386,5.449025,10.136095,0,2591700,22.59272,Interactive,1,1.75
136800,aBesI3vPItgV9K8KujDHhq6Ylk0T+x7OICppEE5WrKsKSJrtuu4PNDMv+jAG+wb0,3.956198,5.426201,9.573425,0,2591700,22.59272,Interactive,1,1.75
137100,aBesI3vPItgV9K8KujDHhq6Ylk0T+x7OICppEE5WrKsKSJrtuu4PNDMv+jAG+wb0,4.016986,8.084772000000001,25.057049,0,2591700,22.59272,Interactive,1,1.75
137400,aBesI3vPItgV9K8KujDHhq6Ylk0T+x7OICppEE5WrKsKSJrtuu4PNDMv+jAG+wb0,4.418998,5.973045,9.623795,0,2591700,22.59272,Interactive,1,1.75
137700,aBesI3vPItgV9K8KujDHhq6Ylk0T+x7OICppEE5WrKsKSJrtuu4PNDMv+jAG+wb0,3.111079,5.440583,9.718034,0,2591700,22.59272,Interactive,1,1.75
138000,aBesI3vPItgV9K8KujDHhq6Ylk0T+x7OICppEE5WrKsKSJrtuu4PNDMv+jAG+wb0,3.5407800000000003,5.4434510000000005,10.478877,0,2591700,22.59272,Interactive,1,1.75
138300,aBesI3vPItgV9K8KujDHhq6Ylk0T+x7OICppEE5WrKsKSJrtuu4PNDMv+jAG+wb0,3.915207,5.7499720000000005,9.697067,0,2591700,22.59272,Interactive,1,1.75
138600,aBesI3vPItgV9K8KujDHhq6Ylk0T+x7OICppEE5WrKsKSJrtuu4PNDMv+jAG+wb0,4.075972,5.961218,9.546043,0,2591700,22.59272,Interactive,1,1.75
138900,aBesI3vPItgV9K8KujDHhq6Ylk0T+x7OICppEE5WrKsKSJrtuu4PNDMv+jAG+wb0,4.300488,6.169578,14.472765,0,2591700,22.59272,Interactive,1,1.75
139200,aBesI3vPItgV9K8KujDHhq6Ylk0T+x7OICppEE5WrKsKSJrtuu4PNDMv+jAG+wb0,3.4338940000000004,5.982378,9.950934,0,2591700,22.59272,Interactive,1,1.75
139500,aBesI3vPItgV9K8KujDHhq6Ylk0T+x7OICppEE5WrKsKSJrtuu4PNDMv+jAG+wb0,4.058945,6.3501,9.43374,0,2591700,22.59272,Interactive,1,1.75
139800,aBesI3vPItgV9K8KujDHhq6Ylk0T+x7OICppEE5WrKsKSJrtuu4PNDMv+jAG+wb0,3.322722,6.730474000000001,14.664391,0,2591700,22.59272,Interactive,1,1.75
140100,aBesI3vPItgV9K8KujDHhq6Ylk0T+x7OICppEE5WrKsKSJrtuu4PNDMv+jAG+wb0,4.101687,5.619146,9.848978,0,2591700,22.59272,Interactive,1,1.75
140400,aBesI3vPItgV9K8KujDHhq6Ylk0T+x7OICppEE5WrKsKSJrtuu4PNDMv+jAG+wb0,3.212746,5.195094,9.450806,0,2591700,22.59272,Interactive,1,1.75
140700,aBesI3vPItgV9K8KujDHhq6Ylk0T+x7OICppEE5WrKsKSJrtuu4PNDMv+jAG+wb0,2.708195,7.274791,25.084798000000003,0,2591700,22.59272,Interactive,1,1.75
141000,aBesI3vPItgV9K8KujDHhq6Ylk0T+x7OICppEE5WrKsKSJrtuu4PNDMv+jAG+wb0,4.370866,5.60271,9.459811,0,2591700,22.59272,Interactive,1,1.75
141300,aBesI3vPItgV9K8KujDHhq6Ylk0T+x7OICppEE5WrKsKSJrtuu4PNDMv+jAG+wb0,4.284852,5.690905,9.487682,0,2591700,22.59272,Interactive,1,1.75
141600,aBesI3vPItgV9K8KujDHhq6Ylk0T+x7OICppEE5WrKsKSJrtuu4PNDMv+jAG+wb0,4.42989,5.490599,9.961077,0,2591700,22.59272,Interactive,1,1.75
141900,aBesI3vPItgV9K8KujDHhq6Ylk0T+x7OICppEE5WrKsKSJrtuu4PNDMv+jAG+wb0,4.016591,5.543046,10.105568,0,2591700,22.59272,Interactive,1,1.75
142200,aBesI3vPItgV9K8KujDHhq6Ylk0T+x7OICppEE5WrKsKSJrtuu4PNDMv+jAG+wb0,4.144356,5.385655,9.229768,0,2591700,22.59272,Interactive,1,1.75
142500,aBesI3vPItgV9K8KujDHhq6Ylk0T+x7OICppEE5WrKsKSJrtuu4PNDMv+jAG+wb0,3.463903,5.339439,9.505727,0,2591700,22.59272,Interactive,1,1.75
142800,aBesI3vPItgV9K8KujDHhq6Ylk0T+x7OICppEE5WrKsKSJrtuu4PNDMv+jAG+wb0,4.027324,5.564704,9.472092,0,2591700,22.59272,Interactive,1,1.75
143100,aBesI3vPItgV9K8KujDHhq6Ylk0T+x7OICppEE5WrKsKSJrtuu4PNDMv+jAG+wb0,2.681216,5.09405,9.436101,0,2591700,22.59272,Interactive,1,1.75
143400,aBesI3vPItgV9K8KujDHhq6Ylk0T+x7OICppEE5WrKsKSJrtuu4PNDMv+jAG+wb0,3.002931,5.446425,8.970338,0,2591700,22.59272,Interactive,1,1.75
143700,aBesI3vPItgV9K8KujDHhq6Ylk0T+x7OICppEE5WrKsKSJrtuu4PNDMv+jAG+wb0,4.301885,5.686067,9.621623,0,2591700,22.59272,Interactive,1,1.75
144000,aBesI3vPItgV9K8KujDHhq6Ylk0T+x7OICppEE5WrKsKSJrtuu4PNDMv+jAG+wb0,3.3899550000000005,8.828539,31.661949,0,2591700,22.59272,Interactive,1,1.75
144300,aBesI3vPItgV9K8KujDHhq6Ylk0T+x7OICppEE5WrKsKSJrtuu4PNDMv+jAG+wb0,4.20071,8.553676,16.002281,0,2591700,22.59272,Interactive,1,1.75
144600,aBesI3vPItgV9K8KujDHhq6Ylk0T+x7OICppEE5WrKsKSJrtuu4PNDMv+jAG+wb0,3.950135,5.81412,10.566937,0,2591700,22.59272,Interactive,1,1.75
144900,aBesI3vPItgV9K8KujDHhq6Ylk0T+x7OICppEE5WrKsKSJrtuu4PNDMv+jAG+wb0,4.27145,6.048722,13.438159,0,2591700,22.59272,Interactive,1,1.75
145200,aBesI3vPItgV9K8KujDHhq6Ylk0T+x7OICppEE5WrKsKSJrtuu4PNDMv+jAG+wb0,4.486402,12.98456,40.672298,0,2591700,22.59272,Interactive,1,1.75
145500,aBesI3vPItgV9K8KujDHhq6Ylk0T+x7OICppEE5WrKsKSJrtuu4PNDMv+jAG+wb0,4.228208,7.293211,10.61767,0,2591700,22.59272,Interactive,1,1.75
145800,aBesI3vPItgV9K8KujDHhq6Ylk0T+x7OICppEE5WrKsKSJrtuu4PNDMv+jAG+wb0,2.872543,5.471709,9.573386,0,2591700,22.59272,Interactive,1,1.75
146100,aBesI3vPItgV9K8KujDHhq6Ylk0T+x7OICppEE5WrKsKSJrtuu4PNDMv+jAG+wb0,3.39733,5.319175,9.352941,0,2591700,22.59272,Interactive,1,1.75
146400,aBesI3vPItgV9K8KujDHhq6Ylk0T+x7OICppEE5WrKsKSJrtuu4PNDMv+jAG+wb0,4.225111,6.565769,12.466372,0,2591700,22.59272,Interactive,1,1.75
146700,aBesI3vPItgV9K8KujDHhq6Ylk0T+x7OICppEE5WrKsKSJrtuu4PNDMv+jAG+wb0,2.970541,5.778854,10.506447,0,2591700,22.59272,Interactive,1,1.75
147000,aBesI3vPItgV9K8KujDHhq6Ylk0T+x7OICppEE5WrKsKSJrtuu4PNDMv+jAG+wb0,4.43574,7.1724440000000005,15.970444,0,2591700,22.59272,Interactive,1,1.75
147300,aBesI3vPItgV9K8KujDHhq6Ylk0T+x7OICppEE5WrKsKSJrtuu4PNDMv+jAG+wb0,3.046907,5.972955000000001,10.0054,0,2591700,22.59272,Interactive,1,1.75
147600,aBesI3vPItgV9K8KujDHhq6Ylk0T+x7OICppEE5WrKsKSJrtuu4PNDMv+jAG+wb0,4.227742,5.80227,11.903832,0,2591700,22.59272,Interactive,1,1.75
147900,aBesI3vPItgV9K8KujDHhq6Ylk0T+x7OICppEE5WrKsKSJrtuu4PNDMv+jAG+wb0,3.96125,7.598364,26.672525,0,2591700,22.59272,Interactive,1,1.75
148200,aBesI3vPItgV9K8KujDHhq6Ylk0T+x7OICppEE5WrKsKSJrtuu4PNDMv+jAG+wb0,4.152169000000001,5.695421,9.727439,0,2591700,22.59272,Interactive,1,1.75
148500,aBesI3vPItgV9K8KujDHhq6Ylk0T+x7OICppEE5WrKsKSJrtuu4PNDMv+jAG+wb0,3.449413,5.132301999999999,9.454349,0,2591700,22.59272,Interactive,1,1.75
148800,aBesI3vPItgV9K8KujDHhq6Ylk0T+x7OICppEE5WrKsKSJrtuu4PNDMv+jAG+wb0,3.2089540000000003,5.2808720000000005,9.457491,0,2591700,22.59272,Interactive,1,1.75
149100,aBesI3vPItgV9K8KujDHhq6Ylk0T+x7OICppEE5WrKsKSJrtuu4PNDMv+jAG+wb0,4.410242,6.162674,9.774062,0,2591700,22.59272,Interactive,1,1.75
149400,aBesI3vPItgV9K8KujDHhq6Ylk0T+x7OICppEE5WrKsKSJrtuu4PNDMv+jAG+wb0,3.048833,5.685326,12.171655,0,2591700,22.59272,Interactive,1,1.75
149700,aBesI3vPItgV9K8KujDHhq6Ylk0T+x7OICppEE5WrKsKSJrtuu4PNDMv+jAG+wb0,4.576283,6.864852000000001,10.542884,0,2591700,22.59272,Interactive,1,1.75
150000,aBesI3vPItgV9K8KujDHhq6Ylk0T+x7OICppEE5WrKsKSJrtuu4PNDMv+jAG+wb0,2.97812,6.32785,12.398669,0,2591700,22.59272,Interactive,1,1.75
150300,aBesI3vPItgV9K8KujDHhq6Ylk0T+x7OICppEE5WrKsKSJrtuu4PNDMv+jAG+wb0,5.488591,7.973223,14.018709,0,2591700,22.59272,Interactive,1,1.75
150600,aBesI3vPItgV9K8KujDHhq6Ylk0T+x7OICppEE5WrKsKSJrtuu4PNDMv+jAG+wb0,4.855562,7.3153,12.495281,0,2591700,22.59272,Interactive,1,1.75
150900,aBesI3vPItgV9K8KujDHhq6Ylk0T+x7OICppEE5WrKsKSJrtuu4PNDMv+jAG+wb0,4.10622,8.799648,31.06359,0,2591700,22.59272,Interactive,1,1.75
151200,aBesI3vPItgV9K8KujDHhq6Ylk0T+x7OICppEE5WrKsKSJrtuu4PNDMv+jAG+wb0,4.051963,5.55206,11.037167,0,2591700,22.59272,Interactive,1,1.75
151500,aBesI3vPItgV9K8KujDHhq6Ylk0T+x7OICppEE5WrKsKSJrtuu4PNDMv+jAG+wb0,3.298675,5.457241000000001,9.434125,0,2591700,22.59272,Interactive,1,1.75
151800,aBesI3vPItgV9K8KujDHhq6Ylk0T+x7OICppEE5WrKsKSJrtuu4PNDMv+jAG+wb0,4.052555,5.525695,9.89317,0,2591700,22.59272,Interactive,1,1.75
152100,aBesI3vPItgV9K8KujDHhq6Ylk0T+x7OICppEE5WrKsKSJrtuu4PNDMv+jAG+wb0,3.329986,6.681217999999999,11.097859,0,2591700,22.59272,Interactive,1,1.75
152400,aBesI3vPItgV9K8KujDHhq6Ylk0T+x7OICppEE5WrKsKSJrtuu4PNDMv+jAG+wb0,3.882105,5.530441000000001,9.52929,0,2591700,22.59272,Interactive,1,1.75
152700,aBesI3vPItgV9K8KujDHhq6Ylk0T+x7OICppEE5WrKsKSJrtuu4PNDMv+jAG+wb0,3.600447,5.383362,9.897572,0,2591700,22.59272,Interactive,1,1.75
153000,aBesI3vPItgV9K8KujDHhq6Ylk0T+x7OICppEE5WrKsKSJrtuu4PNDMv+jAG+wb0,4.044282,5.531778,11.074615,0,2591700,22.59272,Interactive,1,1.75
153300,aBesI3vPItgV9K8KujDHhq6Ylk0T+x7OICppEE5WrKsKSJrtuu4PNDMv+jAG+wb0,3.520247,5.5075970000000005,9.158702,0,2591700,22.59272,Interactive,1,1.75
153600,aBesI3vPItgV9K8KujDHhq6Ylk0T+x7OICppEE5WrKsKSJrtuu4PNDMv+jAG+wb0,3.923986,5.445667,9.737674,0,2591700,22.59272,Interactive,1,1.75
153900,aBesI3vPItgV9K8KujDHhq6Ylk0T+x7OICppEE5WrKsKSJrtuu4PNDMv+jAG+wb0,3.752012,5.285082,10.780459,0,2591700,22.59272,Interactive,1,1.75
154200,aBesI3vPItgV9K8KujDHhq6Ylk0T+x7OICppEE5WrKsKSJrtuu4PNDMv+jAG+wb0,3.861111,6.700247999999999,17.093049,0,2591700,22.59272,Interactive,1,1.75
154500,aBesI3vPItgV9K8KujDHhq6Ylk0T+x7OICppEE5WrKsKSJrtuu4PNDMv+jAG+wb0,3.980609,5.439508,9.63798,0,2591700,22.59272,Interactive,1,1.75
154800,aBesI3vPItgV9K8KujDHhq6Ylk0T+x7OICppEE5WrKsKSJrtuu4PNDMv+jAG+wb0,3.000674,5.464521,10.951649,0,2591700,22.59272,Interactive,1,1.75
155100,aBesI3vPItgV9K8KujDHhq6Ylk0T+x7OICppEE5WrKsKSJrtuu4PNDMv+jAG+wb0,3.888533,5.804247,9.191847,0,2591700,22.59272,Interactive,1,1.75
155400,aBesI3vPItgV9K8KujDHhq6Ylk0T+x7OICppEE5WrKsKSJrtuu4PNDMv+jAG+wb0,3.3605910000000003,8.181646,28.60436,0,2591700,22.59272,Interactive,1,1.75
155700,aBesI3vPItgV9K8KujDHhq6Ylk0T+x7OICppEE5WrKsKSJrtuu4PNDMv+jAG+wb0,4.166532,5.606833,10.762529,0,2591700,22.59272,Interactive,1,1.75
156000,aBesI3vPItgV9K8KujDHhq6Ylk0T+x7OICppEE5WrKsKSJrtuu4PNDMv+jAG+wb0,3.882437,5.408681,9.446744,0,2591700,22.59272,Interactive,1,1.75
156300,aBesI3vPItgV9K8KujDHhq6Ylk0T+x7OICppEE5WrKsKSJrtuu4PNDMv+jAG+wb0,4.097765,5.507661,9.561196,0,2591700,22.59272,Interactive,1,1.75
156600,aBesI3vPItgV9K8KujDHhq6Ylk0T+x7OICppEE5WrKsKSJrtuu4PNDMv+jAG+wb0,4.076552,5.556094,10.735912,0,2591700,22.59272,Interactive,1,1.75
156900,aBesI3vPItgV9K8KujDHhq6Ylk0T+x7OICppEE5WrKsKSJrtuu4PNDMv+jAG+wb0,3.889971,5.4017800000000005,9.148955,0,2591700,22.59272,Interactive,1,1.75
157200,aBesI3vPItgV9K8KujDHhq6Ylk0T+x7OICppEE5WrKsKSJrtuu4PNDMv+jAG+wb0,3.978626,5.996704,10.840606,0,2591700,22.59272,Interactive,1,1.75
157500,aBesI3vPItgV9K8KujDHhq6Ylk0T+x7OICppEE5WrKsKSJrtuu4PNDMv+jAG+wb0,4.124966000000001,5.542667,10.71949,0,2591700,22.59272,Interactive,1,1.75
157800,aBesI3vPItgV9K8KujDHhq6Ylk0T+x7OICppEE5WrKsKSJrtuu4PNDMv+jAG+wb0,3.983868,5.518911,9.195463,0,2591700,22.59272,Interactive,1,1.75
158100,aBesI3vPItgV9K8KujDHhq6Ylk0T+x7OICppEE5WrKsKSJrtuu4PNDMv+jAG+wb0,3.99931,5.111138,6.844366,0,2591700,22.59272,Interactive,1,1.75
158400,aBesI3vPItgV9K8KujDHhq6Ylk0T+x7OICppEE5WrKsKSJrtuu4PNDMv+jAG+wb0,4.481892,5.550936,10.632358,0,2591700,22.59272,Interactive,1,1.75
158700,aBesI3vPItgV9K8KujDHhq6Ylk0T+x7OICppEE5WrKsKSJrtuu4PNDMv+jAG+wb0,3.157678,5.262969,9.179766,0,2591700,22.59272,Interactive,1,1.75
159000,aBesI3vPItgV9K8KujDHhq6Ylk0T+x7OICppEE5WrKsKSJrtuu4PNDMv+jAG+wb0,4.228402,7.975219,26.927721,0,2591700,22.59272,Interactive,1,1.75
159300,aBesI3vPItgV9K8KujDHhq6Ylk0T+x7OICppEE5WrKsKSJrtuu4PNDMv+jAG+wb0,4.366079,5.571752,10.47147,0,2591700,22.59272,Interactive,1,1.75
159600,aBesI3vPItgV9K8KujDHhq6Ylk0T+x7OICppEE5WrKsKSJrtuu4PNDMv+jAG+wb0,4.263374,5.503351,9.038326,0,2591700,22.59272,Interactive,1,1.75
159900,aBesI3vPItgV9K8KujDHhq6Ylk0T+x7OICppEE5WrKsKSJrtuu4PNDMv+jAG+wb0,4.353724,5.799693,9.490647,0,2591700,22.59272,Interactive,1,1.75
160200,aBesI3vPItgV9K8KujDHhq6Ylk0T+x7OICppEE5WrKsKSJrtuu4PNDMv+jAG+wb0,3.856849,5.523626,9.49887,0,2591700,22.59272,Interactive,1,1.75
160500,aBesI3vPItgV9K8KujDHhq6Ylk0T+x7OICppEE5WrKsKSJrtuu4PNDMv+jAG+wb0,3.977194,5.491903,9.340007,0,2591700,22.59272,Interactive,1,1.75
160800,aBesI3vPItgV9K8KujDHhq6Ylk0T+x7OICppEE5WrKsKSJrtuu4PNDMv+jAG+wb0,4.095479,5.150964,6.803151,0,2591700,22.59272,Interactive,1,1.75
161100,aBesI3vPItgV9K8KujDHhq6Ylk0T+x7OICppEE5WrKsKSJrtuu4PNDMv+jAG+wb0,4.178067,5.548548,9.625743,0,2591700,22.59272,Interactive,1,1.75
161400,aBesI3vPItgV9K8KujDHhq6Ylk0T+x7OICppEE5WrKsKSJrtuu4PNDMv+jAG+wb0,4.209955,5.535272,9.062901,0,2591700,22.59272,Interactive,1,1.75
161700,aBesI3vPItgV9K8KujDHhq6Ylk0T+x7OICppEE5WrKsKSJrtuu4PNDMv+jAG+wb0,4.147069999999999,5.639864,9.654468,0,2591700,22.59272,Interactive,1,1.75
162000,aBesI3vPItgV9K8KujDHhq6Ylk0T+x7OICppEE5WrKsKSJrtuu4PNDMv+jAG+wb0,3.317447,5.416462,9.435557,0,2591700,22.59272,Interactive,1,1.75
162300,aBesI3vPItgV9K8KujDHhq6Ylk0T+x7OICppEE5WrKsKSJrtuu4PNDMv+jAG+wb0,4.045936,5.513446,9.326323,0,2591700,22.59272,Interactive,1,1.75
162600,aBesI3vPItgV9K8KujDHhq6Ylk0T+x7OICppEE5WrKsKSJrtuu4PNDMv+jAG+wb0,4.256933999999999,9.831181,47.897138,0,2591700,22.59272,Interactive,1,1.75
162900,aBesI3vPItgV9K8KujDHhq6Ylk0T+x7OICppEE5WrKsKSJrtuu4PNDMv+jAG+wb0,3.972431,5.57748,9.491841,0,2591700,22.59272,Interactive,1,1.75
163200,aBesI3vPItgV9K8KujDHhq6Ylk0T+x7OICppEE5WrKsKSJrtuu4PNDMv+jAG+wb0,4.235574,5.52779,9.33016,0,2591700,22.59272,Interactive,1,1.75
163500,aBesI3vPItgV9K8KujDHhq6Ylk0T+x7OICppEE5WrKsKSJrtuu4PNDMv+jAG+wb0,4.035743,5.369122,8.032536,0,2591700,22.59272,Interactive,1,1.75
163800,aBesI3vPItgV9K8KujDHhq6Ylk0T+x7OICppEE5WrKsKSJrtuu4PNDMv+jAG+wb0,4.220658,5.52824,9.192531,0,2591700,22.59272,Interactive,1,1.75
164100,aBesI3vPItgV9K8KujDHhq6Ylk0T+x7OICppEE5WrKsKSJrtuu4PNDMv+jAG+wb0,4.0488800000000005,6.076323,10.181478,0,2591700,22.59272,Interactive,1,1.75
164400,aBesI3vPItgV9K8KujDHhq6Ylk0T+x7OICppEE5WrKsKSJrtuu4PNDMv+jAG+wb0,4.285327,5.482153,9.502015,0,2591700,22.59272,Interactive,1,1.75
164700,aBesI3vPItgV9K8KujDHhq6Ylk0T+x7OICppEE5WrKsKSJrtuu4PNDMv+jAG+wb0,4.396723000000001,6.265191000000001,9.262091,0,2591700,22.59272,Interactive,1,1.75
165000,aBesI3vPItgV9K8KujDHhq6Ylk0T+x7OICppEE5WrKsKSJrtuu4PNDMv+jAG+wb0,4.195517,5.519733,8.984815,0,2591700,22.59272,Interactive,1,1.75
165300,aBesI3vPItgV9K8KujDHhq6Ylk0T+x7OICppEE5WrKsKSJrtuu4PNDMv+jAG+wb0,4.049669000000001,5.776682,9.89633,0,2591700,22.59272,Interactive,1,1.75
165600,aBesI3vPItgV9K8KujDHhq6Ylk0T+x7OICppEE5WrKsKSJrtuu4PNDMv+jAG+wb0,4.507226999999999,6.069461,9.053522,0,2591700,22.59272,Interactive,1,1.75
165900,aBesI3vPItgV9K8KujDHhq6Ylk0T+x7OICppEE5WrKsKSJrtuu4PNDMv+jAG+wb0,4.043173,5.879489,9.555355,0,2591700,22.59272,Interactive,1,1.75
166200,aBesI3vPItgV9K8KujDHhq6Ylk0T+x7OICppEE5WrKsKSJrtuu4PNDMv+jAG+wb0,4.325253,7.710475,28.38031,0,2591700,22.59272,Interactive,1,1.75
166500,aBesI3vPItgV9K8KujDHhq6Ylk0T+x7OICppEE5WrKsKSJrtuu4PNDMv+jAG+wb0,4.285428,11.741456,49.462858,0,2591700,22.59272,Interactive,1,1.75
166800,aBesI3vPItgV9K8KujDHhq6Ylk0T+x7OICppEE5WrKsKSJrtuu4PNDMv+jAG+wb0,4.346856,6.317808,10.449093,0,2591700,22.59272,Interactive,1,1.75
167100,aBesI3vPItgV9K8KujDHhq6Ylk0T+x7OICppEE5WrKsKSJrtuu4PNDMv+jAG+wb0,4.362432,6.4104410000000005,10.590897,0,2591700,22.59272,Interactive,1,1.75
167400,aBesI3vPItgV9K8KujDHhq6Ylk0T+x7OICppEE5WrKsKSJrtuu4PNDMv+jAG+wb0,4.605951999999999,6.6278570000000006,9.251806,0,2591700,22.59272,Interactive,1,1.75
167700,aBesI3vPItgV9K8KujDHhq6Ylk0T+x7OICppEE5WrKsKSJrtuu4PNDMv+jAG+wb0,4.086766000000001,5.537482,9.734678,0,2591700,22.59272,Interactive,1,1.75
168000,aBesI3vPItgV9K8KujDHhq6Ylk0T+x7OICppEE5WrKsKSJrtuu4PNDMv+jAG+wb0,4.168459,6.520579,10.118843,0,2591700,22.59272,Interactive,1,1.75
168300,aBesI3vPItgV9K8KujDHhq6Ylk0T+x7OICppEE5WrKsKSJrtuu4PNDMv+jAG+wb0,4.839263,6.802550999999999,11.642908,0,2591700,22.59272,Interactive,1,1.75
168600,aBesI3vPItgV9K8KujDHhq6Ylk0T+x7OICppEE5WrKsKSJrtuu4PNDMv+jAG+wb0,4.167529,7.687389,15.990525,0,2591700,22.59272,Interactive,1,1.75
168900,aBesI3vPItgV9K8KujDHhq6Ylk0T+x7OICppEE5WrKsKSJrtuu4PNDMv+jAG+wb0,4.232101999999999,5.415536,7.423572999999999,0,2591700,22.59272,Interactive,1,1.75
169200,aBesI3vPItgV9K8KujDHhq6Ylk0T+x7OICppEE5WrKsKSJrtuu4PNDMv+jAG+wb0,4.492299,5.630706,9.51539,0,2591700,22.59272,Interactive,1,1.75
169500,aBesI3vPItgV9K8KujDHhq6Ylk0T+x7OICppEE5WrKsKSJrtuu4PNDMv+jAG+wb0,4.192407,5.788943,9.362907,0,2591700,22.59272,Interactive,1,1.75
169800,aBesI3vPItgV9K8KujDHhq6Ylk0T+x7OICppEE5WrKsKSJrtuu4PNDMv+jAG+wb0,4.527391000000001,7.865555,26.335835,0,2591700,22.59272,Interactive,1,1.75
170100,aBesI3vPItgV9K8KujDHhq6Ylk0T+x7OICppEE5WrKsKSJrtuu4PNDMv+jAG+wb0,4.440158,6.320113,13.15371,0,2591700,22.59272,Interactive,1,1.75
170400,aBesI3vPItgV9K8KujDHhq6Ylk0T+x7OICppEE5WrKsKSJrtuu4PNDMv+jAG+wb0,4.216908,5.337733999999999,9.254058,0,2591700,22.59272,Interactive,1,1.75
170700,aBesI3vPItgV9K8KujDHhq6Ylk0T+x7OICppEE5WrKsKSJrtuu4PNDMv+jAG+wb0,4.24581,5.837225,11.056745,0,2591700,22.59272,Interactive,1,1.75
171000,aBesI3vPItgV9K8KujDHhq6Ylk0T+x7OICppEE5WrKsKSJrtuu4PNDMv+jAG+wb0,3.807886,5.423473,8.92263,0,2591700,22.59272,Interactive,1,1.75
171300,aBesI3vPItgV9K8KujDHhq6Ylk0T+x7OICppEE5WrKsKSJrtuu4PNDMv+jAG+wb0,4.172708999999999,5.349222,9.351239,0,2591700,22.59272,Interactive,1,1.75
171600,aBesI3vPItgV9K8KujDHhq6Ylk0T+x7OICppEE5WrKsKSJrtuu4PNDMv+jAG+wb0,4.316738,5.245406,7.346266,0,2591700,22.59272,Interactive,1,1.75
171900,aBesI3vPItgV9K8KujDHhq6Ylk0T+x7OICppEE5WrKsKSJrtuu4PNDMv+jAG+wb0,4.422937999999999,5.620301,9.444314,0,2591700,22.59272,Interactive,1,1.75
172200,aBesI3vPItgV9K8KujDHhq6Ylk0T+x7OICppEE5WrKsKSJrtuu4PNDMv+jAG+wb0,3.365307,5.720299,9.238997,0,2591700,22.59272,Interactive,1,1.75
172500,aBesI3vPItgV9K8KujDHhq6Ylk0T+x7OICppEE5WrKsKSJrtuu4PNDMv+jAG+wb0,4.238978,5.663856,10.965208,0,2591700,22.59272,Interactive,1,1.75
172800,aBesI3vPItgV9K8KujDHhq6Ylk0T+x7OICppEE5WrKsKSJrtuu4PNDMv+jAG+wb0,3.23435,5.460449,9.454594,0,2591700,22.59272,Interactive,1,1.75
173100,aBesI3vPItgV9K8KujDHhq6Ylk0T+x7OICppEE5WrKsKSJrtuu4PNDMv+jAG+wb0,4.147748,5.316319,9.101658,0,2591700,22.59272,Interactive,1,1.75
173400,aBesI3vPItgV9K8KujDHhq6Ylk0T+x7OICppEE5WrKsKSJrtuu4PNDMv+jAG+wb0,3.856639,7.540292999999999,16.532685999999998,0,2591700,22.59272,Interactive,1,1.75
173700,aBesI3vPItgV9K8KujDHhq6Ylk0T+x7OICppEE5WrKsKSJrtuu4PNDMv+jAG+wb0,3.859422,5.512987,9.438321,0,2591700,22.59272,Interactive,1,1.75
174000,aBesI3vPItgV9K8KujDHhq6Ylk0T+x7OICppEE5WrKsKSJrtuu4PNDMv+jAG+wb0,4.563375,10.875642,33.217528,0,2591700,22.59272,Interactive,1,1.75
174300,aBesI3vPItgV9K8KujDHhq6Ylk0T+x7OICppEE5WrKsKSJrtuu4PNDMv+jAG+wb0,3.632528,4.926297,6.791356,0,2591700,22.59272,Interactive,1,1.75
174600,aBesI3vPItgV9K8KujDHhq6Ylk0T+x7OICppEE5WrKsKSJrtuu4PNDMv+jAG+wb0,4.373484,5.382722,9.037823,0,2591700,22.59272,Interactive,1,1.75
174900,aBesI3vPItgV9K8KujDHhq6Ylk0T+x7OICppEE5WrKsKSJrtuu4PNDMv+jAG+wb0,3.975648000000001,5.855618,12.752186,0,2591700,22.59272,Interactive,1,1.75
175200,aBesI3vPItgV9K8KujDHhq6Ylk0T+x7OICppEE5WrKsKSJrtuu4PNDMv+jAG+wb0,4.113269,5.429868,10.558067,0,2591700,22.59272,Interactive,1,1.75
175500,aBesI3vPItgV9K8KujDHhq6Ylk0T+x7OICppEE5WrKsKSJrtuu4PNDMv+jAG+wb0,3.633189,5.150911,9.112905,0,2591700,22.59272,Interactive,1,1.75
175800,aBesI3vPItgV9K8KujDHhq6Ylk0T+x7OICppEE5WrKsKSJrtuu4PNDMv+jAG+wb0,4.179165,6.102396,16.953589,0,2591700,22.59272,Interactive,1,1.75
176100,aBesI3vPItgV9K8KujDHhq6Ylk0T+x7OICppEE5WrKsKSJrtuu4PNDMv+jAG+wb0,3.259102,5.773766999999999,10.355042,0,2591700,22.59272,Interactive,1,1.75
176400,aBesI3vPItgV9K8KujDHhq6Ylk0T+x7OICppEE5WrKsKSJrtuu4PNDMv+jAG+wb0,4.272219000000001,5.733219,9.018396,0,2591700,22.59272,Interactive,1,1.75
176700,aBesI3vPItgV9K8KujDHhq6Ylk0T+x7OICppEE5WrKsKSJrtuu4PNDMv+jAG+wb0,4.165768,5.153095,8.913635000000001,0,2591700,22.59272,Interactive,1,1.75
177000,aBesI3vPItgV9K8KujDHhq6Ylk0T+x7OICppEE5WrKsKSJrtuu4PNDMv+jAG+wb0,4.049217,6.907474000000001,25.712295,0,2591700,22.59272,Interactive,1,1.75
177300,aBesI3vPItgV9K8KujDHhq6Ylk0T+x7OICppEE5WrKsKSJrtuu4PNDMv+jAG+wb0,4.298815,5.445355999999999,9.075167,0,2591700,22.59272,Interactive,1,1.75
177600,aBesI3vPItgV9K8KujDHhq6Ylk0T+x7OICppEE5WrKsKSJrtuu4PNDMv+jAG+wb0,4.029116,5.108278,8.838416,0,2591700,22.59272,Interactive,1,1.75
177900,aBesI3vPItgV9K8KujDHhq6Ylk0T+x7OICppEE5WrKsKSJrtuu4PNDMv+jAG+wb0,4.368094,5.568704,9.384804,0,2591700,22.59272,Interactive,1,1.75
178200,aBesI3vPItgV9K8KujDHhq6Ylk0T+x7OICppEE5WrKsKSJrtuu4PNDMv+jAG+wb0,4.45302,5.608559,8.971484,0,2591700,22.59272,Interactive,1,1.75
178500,aBesI3vPItgV9K8KujDHhq6Ylk0T+x7OICppEE5WrKsKSJrtuu4PNDMv+jAG+wb0,4.306786,6.132528,10.642834,0,2591700,22.59272,Interactive,1,1.75
178800,aBesI3vPItgV9K8KujDHhq6Ylk0T+x7OICppEE5WrKsKSJrtuu4PNDMv+jAG+wb0,4.565913,6.489204,14.970085,0,2591700,22.59272,Interactive,1,1.75
179100,aBesI3vPItgV9K8KujDHhq6Ylk0T+x7OICppEE5WrKsKSJrtuu4PNDMv+jAG+wb0,3.579378,5.437576,9.098278,0,2591700,22.59272,Interactive,1,1.75
179400,aBesI3vPItgV9K8KujDHhq6Ylk0T+x7OICppEE5WrKsKSJrtuu4PNDMv+jAG+wb0,4.294487999999999,5.265584,8.82921,0,2591700,22.59272,Interactive,1,1.75
179700,aBesI3vPItgV9K8KujDHhq6Ylk0T+x7OICppEE5WrKsKSJrtuu4PNDMv+jAG+wb0,4.276455,4.954301,6.385054,0,2591700,22.59272,Interactive,1,1.75
180000,aBesI3vPItgV9K8KujDHhq6Ylk0T+x7OICppEE5WrKsKSJrtuu4PNDMv+jAG+wb0,4.521685,5.509767,8.914827,0,2591700,22.59272,Interactive,1,1.75
180300,aBesI3vPItgV9K8KujDHhq6Ylk0T+x7OICppEE5WrKsKSJrtuu4PNDMv+jAG+wb0,3.953133,5.268684,9.147744,0,2591700,22.59272,Interactive,1,1.75
180600,aBesI3vPItgV9K8KujDHhq6Ylk0T+x7OICppEE5WrKsKSJrtuu4PNDMv+jAG+wb0,4.637962,7.548255999999999,25.762481,0,2591700,22.59272,Interactive,1,1.75
180900,aBesI3vPItgV9K8KujDHhq6Ylk0T+x7OICppEE5WrKsKSJrtuu4PNDMv+jAG+wb0,4.271501,5.495451,9.208448,0,2591700,22.59272,Interactive,1,1.75
181200,aBesI3vPItgV9K8KujDHhq6Ylk0T+x7OICppEE5WrKsKSJrtuu4PNDMv+jAG+wb0,3.981763,5.252839,8.930913,0,2591700,22.59272,Interactive,1,1.75
181500,aBesI3vPItgV9K8KujDHhq6Ylk0T+x7OICppEE5WrKsKSJrtuu4PNDMv+jAG+wb0,4.277242,5.533007,9.466507,0,2591700,22.59272,Interactive,1,1.75
181800,aBesI3vPItgV9K8KujDHhq6Ylk0T+x7OICppEE5WrKsKSJrtuu4PNDMv+jAG+wb0,4.240883,5.539918,8.929257000000002,0,2591700,22.59272,Interactive,1,1.75
182100,aBesI3vPItgV9K8KujDHhq6Ylk0T+x7OICppEE5WrKsKSJrtuu4PNDMv+jAG+wb0,3.889452,5.273912,9.281904,0,2591700,22.59272,Interactive,1,1.75
182400,aBesI3vPItgV9K8KujDHhq6Ylk0T+x7OICppEE5WrKsKSJrtuu4PNDMv+jAG+wb0,3.930786,4.925112,6.142548000000001,0,2591700,22.59272,Interactive,1,1.75
182700,aBesI3vPItgV9K8KujDHhq6Ylk0T+x7OICppEE5WrKsKSJrtuu4PNDMv+jAG+wb0,4.108048999999999,5.431784,8.967302,0,2591700,22.59272,Interactive,1,1.75
183000,aBesI3vPItgV9K8KujDHhq6Ylk0T+x7OICppEE5WrKsKSJrtuu4PNDMv+jAG+wb0,3.654335,6.172793,10.497115,0,2591700,22.59272,Interactive,1,1.75
183300,aBesI3vPItgV9K8KujDHhq6Ylk0T+x7OICppEE5WrKsKSJrtuu4PNDMv+jAG+wb0,4.517098000000001,5.775723999999999,9.632962,0,2591700,22.59272,Interactive,1,1.75
183600,aBesI3vPItgV9K8KujDHhq6Ylk0T+x7OICppEE5WrKsKSJrtuu4PNDMv+jAG+wb0,4.42375,5.52365,8.857397,0,2591700,22.59272,Interactive,1,1.75
183900,aBesI3vPItgV9K8KujDHhq6Ylk0T+x7OICppEE5WrKsKSJrtuu4PNDMv+jAG+wb0,3.953744,5.251511,9.044543,0,2591700,22.59272,Interactive,1,1.75
184200,aBesI3vPItgV9K8KujDHhq6Ylk0T+x7OICppEE5WrKsKSJrtuu4PNDMv+jAG+wb0,3.97514,7.475419,24.782997,0,2591700,22.59272,Interactive,1,1.75
184500,aBesI3vPItgV9K8KujDHhq6Ylk0T+x7OICppEE5WrKsKSJrtuu4PNDMv+jAG+wb0,4.141136,5.533131,8.993256,0,2591700,22.59272,Interactive,1,1.75
184800,aBesI3vPItgV9K8KujDHhq6Ylk0T+x7OICppEE5WrKsKSJrtuu4PNDMv+jAG+wb0,3.980018,5.260083,8.928459,0,2591700,22.59272,Interactive,1,1.75
185100,aBesI3vPItgV9K8KujDHhq6Ylk0T+x7OICppEE5WrKsKSJrtuu4PNDMv+jAG+wb0,3.994031,4.986994999999999,6.530181,0,2591700,22.59272,Interactive,1,1.75
185400,aBesI3vPItgV9K8KujDHhq6Ylk0T+x7OICppEE5WrKsKSJrtuu4PNDMv+jAG+wb0,4.206162,5.411669,8.842360000000001,0,2591700,22.59272,Interactive,1,1.75
185700,aBesI3vPItgV9K8KujDHhq6Ylk0T+x7OICppEE5WrKsKSJrtuu4PNDMv+jAG+wb0,3.918284,5.227821,9.138226,0,2591700,22.59272,Interactive,1,1.75
186000,aBesI3vPItgV9K8KujDHhq6Ylk0T+x7OICppEE5WrKsKSJrtuu4PNDMv+jAG+wb0,4.647312,5.463291000000001,9.240678,0,2591700,22.59272,Interactive,1,1.75
186300,aBesI3vPItgV9K8KujDHhq6Ylk0T+x7OICppEE5WrKsKSJrtuu4PNDMv+jAG+wb0,3.731515,5.226157,9.190986,0,2591700,22.59272,Interactive,1,1.75
186600,aBesI3vPItgV9K8KujDHhq6Ylk0T+x7OICppEE5WrKsKSJrtuu4PNDMv+jAG+wb0,3.960661,5.402688,10.478155,0,2591700,22.59272,Interactive,1,1.75
186900,aBesI3vPItgV9K8KujDHhq6Ylk0T+x7OICppEE5WrKsKSJrtuu4PNDMv+jAG+wb0,3.99744,5.439311,9.338048,0,2591700,22.59272,Interactive,1,1.75
187200,aBesI3vPItgV9K8KujDHhq6Ylk0T+x7OICppEE5WrKsKSJrtuu4PNDMv+jAG+wb0,4.259762,5.529757,9.088825,0,2591700,22.59272,Interactive,1,1.75
187500,aBesI3vPItgV9K8KujDHhq6Ylk0T+x7OICppEE5WrKsKSJrtuu4PNDMv+jAG+wb0,4.003472,5.358402,10.322365,0,2591700,22.59272,Interactive,1,1.75
187800,aBesI3vPItgV9K8KujDHhq6Ylk0T+x7OICppEE5WrKsKSJrtuu4PNDMv+jAG+wb0,3.903172,7.423159,25.408572,0,2591700,22.59272,Interactive,1,1.75
188100,aBesI3vPItgV9K8KujDHhq6Ylk0T+x7OICppEE5WrKsKSJrtuu4PNDMv+jAG+wb0,4.117235,5.3696980000000005,9.255751,0,2591700,22.59272,Interactive,1,1.75
188400,aBesI3vPItgV9K8KujDHhq6Ylk0T+x7OICppEE5WrKsKSJrtuu4PNDMv+jAG+wb0,4.010411,5.533078,10.2541,0,2591700,22.59272,Interactive,1,1.75
188700,aBesI3vPItgV9K8KujDHhq6Ylk0T+x7OICppEE5WrKsKSJrtuu4PNDMv+jAG+wb0,4.09629,5.517327,9.342369,0,2591700,22.59272,Interactive,1,1.75
189000,aBesI3vPItgV9K8KujDHhq6Ylk0T+x7OICppEE5WrKsKSJrtuu4PNDMv+jAG+wb0,4.289977,5.459651,9.31925,0,2591700,22.59272,Interactive,1,1.75
189300,aBesI3vPItgV9K8KujDHhq6Ylk0T+x7OICppEE5WrKsKSJrtuu4PNDMv+jAG+wb0,3.937711,5.424654,10.808089,0,2591700,22.59272,Interactive,1,1.75
189600,aBesI3vPItgV9K8KujDHhq6Ylk0T+x7OICppEE5WrKsKSJrtuu4PNDMv+jAG+wb0,3.897228,5.497438,9.781151,0,2591700,22.59272,Interactive,1,1.75
189900,aBesI3vPItgV9K8KujDHhq6Ylk0T+x7OICppEE5WrKsKSJrtuu4PNDMv+jAG+wb0,4.241748,5.581728,9.346921,0,2591700,22.59272,Interactive,1,1.75
190200,aBesI3vPItgV9K8KujDHhq6Ylk0T+x7OICppEE5WrKsKSJrtuu4PNDMv+jAG+wb0,4.087392,6.542574,12.26219,0,2591700,22.59272,Interactive,1,1.75
190500,aBesI3vPItgV9K8KujDHhq6Ylk0T+x7OICppEE5WrKsKSJrtuu4PNDMv+jAG+wb0,3.953644,5.322765,6.833014,0,2591700,22.59272,Interactive,1,1.75
190800,aBesI3vPItgV9K8KujDHhq6Ylk0T+x7OICppEE5WrKsKSJrtuu4PNDMv+jAG+wb0,4.353675,5.335991,9.270295,0,2591700,22.59272,Interactive,1,1.75
191100,aBesI3vPItgV9K8KujDHhq6Ylk0T+x7OICppEE5WrKsKSJrtuu4PNDMv+jAG+wb0,4.155,5.522854,10.331389,0,2591700,22.59272,Interactive,1,1.75
191400,aBesI3vPItgV9K8KujDHhq6Ylk0T+x7OICppEE5WrKsKSJrtuu4PNDMv+jAG+wb0,4.435237,7.789124,17.489836999999998,0,2591700,22.59272,Interactive,1,1.75
191700,aBesI3vPItgV9K8KujDHhq6Ylk0T+x7OICppEE5WrKsKSJrtuu4PNDMv+jAG+wb0,4.251551999999999,5.514703,9.218739,0,2591700,22.59272,Interactive,1,1.75
192000,aBesI3vPItgV9K8KujDHhq6Ylk0T+x7OICppEE5WrKsKSJrtuu4PNDMv+jAG+wb0,4.186923,5.387828,10.398523,0,2591700,22.59272,Interactive,1,1.75
192300,aBesI3vPItgV9K8KujDHhq6Ylk0T+x7OICppEE5WrKsKSJrtuu4PNDMv+jAG+wb0,4.245761,5.798498,9.694767,0,2591700,22.59272,Interactive,1,1.75
192600,aBesI3vPItgV9K8KujDHhq6Ylk0T+x7OICppEE5WrKsKSJrtuu4PNDMv+jAG+wb0,4.380477,5.530911,9.002162,0,2591700,22.59272,Interactive,1,1.75
192900,aBesI3vPItgV9K8KujDHhq6Ylk0T+x7OICppEE5WrKsKSJrtuu4PNDMv+jAG+wb0,4.127019000000001,5.34664,10.139207,0,2591700,22.59272,Interactive,1,1.75
193200,aBesI3vPItgV9K8KujDHhq6Ylk0T+x7OICppEE5WrKsKSJrtuu4PNDMv+jAG+wb0,3.918385,5.206427,6.729857000000001,0,2591700,22.59272,Interactive,1,1.75
193500,aBesI3vPItgV9K8KujDHhq6Ylk0T+x7OICppEE5WrKsKSJrtuu4PNDMv+jAG+wb0,4.228345,5.3166720000000005,9.031399,0,2591700,22.59272,Interactive,1,1.75
193800,aBesI3vPItgV9K8KujDHhq6Ylk0T+x7OICppEE5WrKsKSJrtuu4PNDMv+jAG+wb0,4.056849,5.59208,10.349631,0,2591700,22.59272,Interactive,1,1.75
194100,aBesI3vPItgV9K8KujDHhq6Ylk0T+x7OICppEE5WrKsKSJrtuu4PNDMv+jAG+wb0,4.122817,5.491884,9.545578,0,2591700,22.59272,Interactive,1,1.75
194400,aBesI3vPItgV9K8KujDHhq6Ylk0T+x7OICppEE5WrKsKSJrtuu4PNDMv+jAG+wb0,4.061841,5.644647,9.079526,0,2591700,22.59272,Interactive,1,1.75
194700,aBesI3vPItgV9K8KujDHhq6Ylk0T+x7OICppEE5WrKsKSJrtuu4PNDMv+jAG+wb0,4.079324,5.424729,10.136489,0,2591700,22.59272,Interactive,1,1.75
195000,aBesI3vPItgV9K8KujDHhq6Ylk0T+x7OICppEE5WrKsKSJrtuu4PNDMv+jAG+wb0,4.32104,7.888901,25.161482,0,2591700,22.59272,Interactive,1,1.75
195300,aBesI3vPItgV9K8KujDHhq6Ylk0T+x7OICppEE5WrKsKSJrtuu4PNDMv+jAG+wb0,4.314687,5.551373,9.131144,0,2591700,22.59272,Interactive,1,1.75
195600,aBesI3vPItgV9K8KujDHhq6Ylk0T+x7OICppEE5WrKsKSJrtuu4PNDMv+jAG+wb0,3.908192,5.438283,9.073516,0,2591700,22.59272,Interactive,1,1.75
195900,aBesI3vPItgV9K8KujDHhq6Ylk0T+x7OICppEE5WrKsKSJrtuu4PNDMv+jAG+wb0,4.075211,5.146714,6.465027,0,2591700,22.59272,Interactive,1,1.75
196200,aBesI3vPItgV9K8KujDHhq6Ylk0T+x7OICppEE5WrKsKSJrtuu4PNDMv+jAG+wb0,4.092532,5.351816,8.964442,0,2591700,22.59272,Interactive,1,1.75
196500,aBesI3vPItgV9K8KujDHhq6Ylk0T+x7OICppEE5WrKsKSJrtuu4PNDMv+jAG+wb0,4.128985,5.513619,8.964817,0,2591700,22.59272,Interactive,1,1.75
196800,aBesI3vPItgV9K8KujDHhq6Ylk0T+x7OICppEE5WrKsKSJrtuu4PNDMv+jAG+wb0,4.019325,5.479517,9.535119,0,2591700,22.59272,Interactive,1,1.75
197100,aBesI3vPItgV9K8KujDHhq6Ylk0T+x7OICppEE5WrKsKSJrtuu4PNDMv+jAG+wb0,4.148236,5.496386,9.032285,0,2591700,22.59272,Interactive,1,1.75
197400,aBesI3vPItgV9K8KujDHhq6Ylk0T+x7OICppEE5WrKsKSJrtuu4PNDMv+jAG+wb0,4.033599,6.510301999999999,15.397545,0,2591700,22.59272,Interactive,1,1.75
197700,aBesI3vPItgV9K8KujDHhq6Ylk0T+x7OICppEE5WrKsKSJrtuu4PNDMv+jAG+wb0,4.37519,5.840685,10.41753,0,2591700,22.59272,Interactive,1,1.75
198000,aBesI3vPItgV9K8KujDHhq6Ylk0T+x7OICppEE5WrKsKSJrtuu4PNDMv+jAG+wb0,4.654013,5.490972,8.985607,0,2591700,22.59272,Interactive,1,1.75
198300,aBesI3vPItgV9K8KujDHhq6Ylk0T+x7OICppEE5WrKsKSJrtuu4PNDMv+jAG+wb0,4.13802,5.434119,8.953312,0,2591700,22.59272,Interactive,1,1.75
198600,aBesI3vPItgV9K8KujDHhq6Ylk0T+x7OICppEE5WrKsKSJrtuu4PNDMv+jAG+wb0,4.135739,7.325413,21.253881,0,2591700,22.59272,Interactive,1,1.75
198900,aBesI3vPItgV9K8KujDHhq6Ylk0T+x7OICppEE5WrKsKSJrtuu4PNDMv+jAG+wb0,4.09087,6.629328,13.984696,0,2591700,22.59272,Interactive,1,1.75
199200,aBesI3vPItgV9K8KujDHhq6Ylk0T+x7OICppEE5WrKsKSJrtuu4PNDMv+jAG+wb0,4.457919,13.917345999999998,90.375656,0,2591700,22.59272,Interactive,1,1.75
199500,aBesI3vPItgV9K8KujDHhq6Ylk0T+x7OICppEE5WrKsKSJrtuu4PNDMv+jAG+wb0,4.225017,5.622977,9.665807,0,2591700,22.59272,Interactive,1,1.75
199800,aBesI3vPItgV9K8KujDHhq6Ylk0T+x7OICppEE5WrKsKSJrtuu4PNDMv+jAG+wb0,3.2924830000000003,5.1699980000000005,9.287544,0,2591700,22.59272,Interactive,1,1.75
200100,aBesI3vPItgV9K8KujDHhq6Ylk0T+x7OICppEE5WrKsKSJrtuu4PNDMv+jAG+wb0,4.191451,5.46354,9.081116,0,2591700,22.59272,Interactive,1,1.75
200400,aBesI3vPItgV9K8KujDHhq6Ylk0T+x7OICppEE5WrKsKSJrtuu4PNDMv+jAG+wb0,4.084941000000001,5.334192,9.571642,0,2591700,22.59272,Interactive,1,1.75
200700,aBesI3vPItgV9K8KujDHhq6Ylk0T+x7OICppEE5WrKsKSJrtuu4PNDMv+jAG+wb0,3.008421,5.130229,9.22102,0,2591700,22.59272,Interactive,1,1.75
201000,aBesI3vPItgV9K8KujDHhq6Ylk0T+x7OICppEE5WrKsKSJrtuu4PNDMv+jAG+wb0,4.192074,5.442399,9.174173,0,2591700,22.59272,Interactive,1,1.75
201300,aBesI3vPItgV9K8KujDHhq6Ylk0T+x7OICppEE5WrKsKSJrtuu4PNDMv+jAG+wb0,3.044732,5.426259,9.76188,0,2591700,22.59272,Interactive,1,1.75
201600,aBesI3vPItgV9K8KujDHhq6Ylk0T+x7OICppEE5WrKsKSJrtuu4PNDMv+jAG+wb0,4.475785,5.7097690000000005,9.354311,0,2591700,22.59272,Interactive,1,1.75
201900,aBesI3vPItgV9K8KujDHhq6Ylk0T+x7OICppEE5WrKsKSJrtuu4PNDMv+jAG+wb0,4.725668,13.300585,75.571072,0,2591700,22.59272,Interactive,1,1.75
202200,aBesI3vPItgV9K8KujDHhq6Ylk0T+x7OICppEE5WrKsKSJrtuu4PNDMv+jAG+wb0,4.567755,8.09822,26.169198,0,2591700,22.59272,Interactive,1,1.75
202500,aBesI3vPItgV9K8KujDHhq6Ylk0T+x7OICppEE5WrKsKSJrtuu4PNDMv+jAG+wb0,2.978153,6.111298000000001,9.829648,0,2591700,22.59272,Interactive,1,1.75
202800,aBesI3vPItgV9K8KujDHhq6Ylk0T+x7OICppEE5WrKsKSJrtuu4PNDMv+jAG+wb0,4.516859999999999,12.507708,35.085526,0,2591700,22.59272,Interactive,1,1.75
203100,aBesI3vPItgV9K8KujDHhq6Ylk0T+x7OICppEE5WrKsKSJrtuu4PNDMv+jAG+wb0,4.2892660000000005,5.60967,9.636155,0,2591700,22.59272,Interactive,1,1.75
203400,aBesI3vPItgV9K8KujDHhq6Ylk0T+x7OICppEE5WrKsKSJrtuu4PNDMv+jAG+wb0,4.29035,5.589128,9.756185,0,2591700,22.59272,Interactive,1,1.75
203700,aBesI3vPItgV9K8KujDHhq6Ylk0T+x7OICppEE5WrKsKSJrtuu4PNDMv+jAG+wb0,4.431546,5.507487,9.181543,0,2591700,22.59272,Interactive,1,1.75
204000,aBesI3vPItgV9K8KujDHhq6Ylk0T+x7OICppEE5WrKsKSJrtuu4PNDMv+jAG+wb0,3.16531,5.27491,9.54669,0,2591700,22.59272,Interactive,1,1.75
204300,aBesI3vPItgV9K8KujDHhq6Ylk0T+x7OICppEE5WrKsKSJrtuu4PNDMv+jAG+wb0,4.209949,5.354508999999999,10.506995,0,2591700,22.59272,Interactive,1,1.75
204600,aBesI3vPItgV9K8KujDHhq6Ylk0T+x7OICppEE5WrKsKSJrtuu4PNDMv+jAG+wb0,4.196988,10.013936,55.112437,0,2591700,22.59272,Interactive,1,1.75
204900,aBesI3vPItgV9K8KujDHhq6Ylk0T+x7OICppEE5WrKsKSJrtuu4PNDMv+jAG+wb0,4.497625,6.729559,16.073151,0,2591700,22.59272,Interactive,1,1.75
205200,aBesI3vPItgV9K8KujDHhq6Ylk0T+x7OICppEE5WrKsKSJrtuu4PNDMv+jAG+wb0,2.785157,5.276591000000001,10.599848,0,2591700,22.59272,Interactive,1,1.75
205500,aBesI3vPItgV9K8KujDHhq6Ylk0T+x7OICppEE5WrKsKSJrtuu4PNDMv+jAG+wb0,4.231475,5.439465,9.281009,0,2591700,22.59272,Interactive,1,1.75
205800,aBesI3vPItgV9K8KujDHhq6Ylk0T+x7OICppEE5WrKsKSJrtuu4PNDMv+jAG+wb0,4.255421,7.36234,25.902993,0,2591700,22.59272,Interactive,1,1.75
206100,aBesI3vPItgV9K8KujDHhq6Ylk0T+x7OICppEE5WrKsKSJrtuu4PNDMv+jAG+wb0,3.685461,5.695371,11.034372,0,2591700,22.59272,Interactive,1,1.75
206400,aBesI3vPItgV9K8KujDHhq6Ylk0T+x7OICppEE5WrKsKSJrtuu4PNDMv+jAG+wb0,4.424597,5.789657,9.666182,0,2591700,22.59272,Interactive,1,1.75
206700,aBesI3vPItgV9K8KujDHhq6Ylk0T+x7OICppEE5WrKsKSJrtuu4PNDMv+jAG+wb0,4.273107,6.005653,10.043588,0,2591700,22.59272,Interactive,1,1.75
207000,aBesI3vPItgV9K8KujDHhq6Ylk0T+x7OICppEE5WrKsKSJrtuu4PNDMv+jAG+wb0,4.653927,5.90658,10.92732,0,2591700,22.59272,Interactive,1,1.75
207300,aBesI3vPItgV9K8KujDHhq6Ylk0T+x7OICppEE5WrKsKSJrtuu4PNDMv+jAG+wb0,4.699235,6.918424000000001,20.068747,0,2591700,22.59272,Interactive,1,1.75
207600,aBesI3vPItgV9K8KujDHhq6Ylk0T+x7OICppEE5WrKsKSJrtuu4PNDMv+jAG+wb0,4.532378,5.81787,9.708021,0,2591700,22.59272,Interactive,1,1.75
207900,aBesI3vPItgV9K8KujDHhq6Ylk0T+x7OICppEE5WrKsKSJrtuu4PNDMv+jAG+wb0,4.277959,5.981103,9.960273,0,2591700,22.59272,Interactive,1,1.75
208200,aBesI3vPItgV9K8KujDHhq6Ylk0T+x7OICppEE5WrKsKSJrtuu4PNDMv+jAG+wb0,4.701606,5.856839,8.625304,0,2591700,22.59272,Interactive,1,1.75
208500,aBesI3vPItgV9K8KujDHhq6Ylk0T+x7OICppEE5WrKsKSJrtuu4PNDMv+jAG+wb0,4.689716000000001,6.094168,8.799783999999999,0,2591700,22.59272,Interactive,1,1.75
208800,aBesI3vPItgV9K8KujDHhq6Ylk0T+x7OICppEE5WrKsKSJrtuu4PNDMv+jAG+wb0,3.3025620000000004,5.754143,9.878318,0,2591700,22.59272,Interactive,1,1.75
209100,aBesI3vPItgV9K8KujDHhq6Ylk0T+x7OICppEE5WrKsKSJrtuu4PNDMv+jAG+wb0,4.912326,6.395943,10.138192,0,2591700,22.59272,Interactive,1,1.75
209400,aBesI3vPItgV9K8KujDHhq6Ylk0T+x7OICppEE5WrKsKSJrtuu4PNDMv+jAG+wb0,3.656397,8.254048,19.366214000000003,0,2591700,22.59272,Interactive,1,1.75
209700,aBesI3vPItgV9K8KujDHhq6Ylk0T+x7OICppEE5WrKsKSJrtuu4PNDMv+jAG+wb0,4.854588,6.247953,10.206228,0,2591700,22.59272,Interactive,1,1.75
210000,aBesI3vPItgV9K8KujDHhq6Ylk0T+x7OICppEE5WrKsKSJrtuu4PNDMv+jAG+wb0,4.826785,6.796082000000001,17.334213000000002,0,2591700,22.59272,Interactive,1,1.75
210300,aBesI3vPItgV9K8KujDHhq6Ylk0T+x7OICppEE5WrKsKSJrtuu4PNDMv+jAG+wb0,4.661484,5.962891,8.779085,0,2591700,22.59272,Interactive,1,1.75
210600,aBesI3vPItgV9K8KujDHhq6Ylk0T+x7OICppEE5WrKsKSJrtuu4PNDMv+jAG+wb0,4.572091,5.942937000000001,9.574172,0,2591700,22.59272,Interactive,1,1.75
210900,aBesI3vPItgV9K8KujDHhq6Ylk0T+x7OICppEE5WrKsKSJrtuu4PNDMv+jAG+wb0,4.901092,5.938189,8.518315,0,2591700,22.59272,Interactive,1,1.75
211200,aBesI3vPItgV9K8KujDHhq6Ylk0T+x7OICppEE5WrKsKSJrtuu4PNDMv+jAG+wb0,3.874817,5.931879,8.320044000000001,0,2591700,22.59272,Interactive,1,1.75
211500,aBesI3vPItgV9K8KujDHhq6Ylk0T+x7OICppEE5WrKsKSJrtuu4PNDMv+jAG+wb0,3.748213,5.812897,9.37125,0,2591700,22.59272,Interactive,1,1.75
211800,aBesI3vPItgV9K8KujDHhq6Ylk0T+x7OICppEE5WrKsKSJrtuu4PNDMv+jAG+wb0,4.89808,37.589358,84.504351,0,2591700,22.59272,Interactive,1,1.75
212100,aBesI3vPItgV9K8KujDHhq6Ylk0T+x7OICppEE5WrKsKSJrtuu4PNDMv+jAG+wb0,4.820203,7.546987,15.11146,0,2591700,22.59272,Interactive,1,1.75
212400,aBesI3vPItgV9K8KujDHhq6Ylk0T+x7OICppEE5WrKsKSJrtuu4PNDMv+jAG+wb0,4.656372,6.000321,8.05223,0,2591700,22.59272,Interactive,1,1.75
212700,aBesI3vPItgV9K8KujDHhq6Ylk0T+x7OICppEE5WrKsKSJrtuu4PNDMv+jAG+wb0,4.608329,5.976046,8.615326,0,2591700,22.59272,Interactive,1,1.75
213000,aBesI3vPItgV9K8KujDHhq6Ylk0T+x7OICppEE5WrKsKSJrtuu4PNDMv+jAG+wb0,4.753512000000001,8.109995,30.068486,0,2591700,22.59272,Interactive,1,1.75
213300,aBesI3vPItgV9K8KujDHhq6Ylk0T+x7OICppEE5WrKsKSJrtuu4PNDMv+jAG+wb0,4.803291000000001,6.160787,7.932378,0,2591700,22.59272,Interactive,1,1.75
213600,aBesI3vPItgV9K8KujDHhq6Ylk0T+x7OICppEE5WrKsKSJrtuu4PNDMv+jAG+wb0,4.83805,5.983639,7.814357000000001,0,2591700,22.59272,Interactive,1,1.75
213900,aBesI3vPItgV9K8KujDHhq6Ylk0T+x7OICppEE5WrKsKSJrtuu4PNDMv+jAG+wb0,4.809305,6.2798,8.901394,0,2591700,22.59272,Interactive,1,1.75
214200,aBesI3vPItgV9K8KujDHhq6Ylk0T+x7OICppEE5WrKsKSJrtuu4PNDMv+jAG+wb0,3.269021,5.884329,7.890467,0,2591700,22.59272,Interactive,1,1.75
214500,aBesI3vPItgV9K8KujDHhq6Ylk0T+x7OICppEE5WrKsKSJrtuu4PNDMv+jAG+wb0,4.737286,6.01944,8.016354,0,2591700,22.59272,Interactive,1,1.75
214800,aBesI3vPItgV9K8KujDHhq6Ylk0T+x7OICppEE5WrKsKSJrtuu4PNDMv+jAG+wb0,3.626107,5.846183,8.902167,0,2591700,22.59272,Interactive,1,1.75
215100,aBesI3vPItgV9K8KujDHhq6Ylk0T+x7OICppEE5WrKsKSJrtuu4PNDMv+jAG+wb0,5.020167,6.504723,8.132575,0,2591700,22.59272,Interactive,1,1.75
215400,aBesI3vPItgV9K8KujDHhq6Ylk0T+x7OICppEE5WrKsKSJrtuu4PNDMv+jAG+wb0,3.997179,5.41771,6.342337000000001,0,2591700,22.59272,Interactive,1,1.75
215700,aBesI3vPItgV9K8KujDHhq6Ylk0T+x7OICppEE5WrKsKSJrtuu4PNDMv+jAG+wb0,4.752404,6.004317,8.615142,0,2591700,22.59272,Interactive,1,1.75
216000,aBesI3vPItgV9K8KujDHhq6Ylk0T+x7OICppEE5WrKsKSJrtuu4PNDMv+jAG+wb0,3.697619,5.887123,7.861264,0,2591700,22.59272,Interactive,1,1.75
216300,aBesI3vPItgV9K8KujDHhq6Ylk0T+x7OICppEE5WrKsKSJrtuu4PNDMv+jAG+wb0,4.656011,6.035682,7.562716,0,2591700,22.59272,Interactive,1,1.75
216600,aBesI3vPItgV9K8KujDHhq6Ylk0T+x7OICppEE5WrKsKSJrtuu4PNDMv+jAG+wb0,4.450093,7.953224,28.735941,0,2591700,22.59272,Interactive,1,1.75
216900,aBesI3vPItgV9K8KujDHhq6Ylk0T+x7OICppEE5WrKsKSJrtuu4PNDMv+jAG+wb0,3.436253,5.867853,8.099281,0,2591700,22.59272,Interactive,1,1.75
217200,aBesI3vPItgV9K8KujDHhq6Ylk0T+x7OICppEE5WrKsKSJrtuu4PNDMv+jAG+wb0,4.382834,7.060811999999999,10.24994,0,2591700,22.59272,Interactive,1,1.75
217500,aBesI3vPItgV9K8KujDHhq6Ylk0T+x7OICppEE5WrKsKSJrtuu4PNDMv+jAG+wb0,3.850016000000001,6.6018300000000005,9.397571,0,2591700,22.59272,Interactive,1,1.75
217800,aBesI3vPItgV9K8KujDHhq6Ylk0T+x7OICppEE5WrKsKSJrtuu4PNDMv+jAG+wb0,4.786289,5.910863,8.16108,0,2591700,22.59272,Interactive,1,1.75
218100,aBesI3vPItgV9K8KujDHhq6Ylk0T+x7OICppEE5WrKsKSJrtuu4PNDMv+jAG+wb0,3.943546,5.355825,6.368828,0,2591700,22.59272,Interactive,1,1.75
218400,aBesI3vPItgV9K8KujDHhq6Ylk0T+x7OICppEE5WrKsKSJrtuu4PNDMv+jAG+wb0,4.421852,5.779833999999999,9.318272,0,2591700,22.59272,Interactive,1,1.75
218700,aBesI3vPItgV9K8KujDHhq6Ylk0T+x7OICppEE5WrKsKSJrtuu4PNDMv+jAG+wb0,3.23931,5.712579,8.210866000000001,0,2591700,22.59272,Interactive,1,1.75
219000,aBesI3vPItgV9K8KujDHhq6Ylk0T+x7OICppEE5WrKsKSJrtuu4PNDMv+jAG+wb0,4.349634,5.831532,7.644219,0,2591700,22.59272,Interactive,1,1.75
219300,aBesI3vPItgV9K8KujDHhq6Ylk0T+x7OICppEE5WrKsKSJrtuu4PNDMv+jAG+wb0,4.102231,6.867251,16.304526,0,2591700,22.59272,Interactive,1,1.75
219600,aBesI3vPItgV9K8KujDHhq6Ylk0T+x7OICppEE5WrKsKSJrtuu4PNDMv+jAG+wb0,4.842749,13.095999999999998,37.644802,0,2591700,22.59272,Interactive,1,1.75
219900,aBesI3vPItgV9K8KujDHhq6Ylk0T+x7OICppEE5WrKsKSJrtuu4PNDMv+jAG+wb0,3.999309,5.664643,8.025816,0,2591700,22.59272,Interactive,1,1.75
220200,aBesI3vPItgV9K8KujDHhq6Ylk0T+x7OICppEE5WrKsKSJrtuu4PNDMv+jAG+wb0,4.361225,6.028424,9.226824,0,2591700,22.59272,Interactive,1,1.75
220500,aBesI3vPItgV9K8KujDHhq6Ylk0T+x7OICppEE5WrKsKSJrtuu4PNDMv+jAG+wb0,4.7953730000000006,5.970477,8.372788,0,2591700,22.59272,Interactive,1,1.75
220800,aBesI3vPItgV9K8KujDHhq6Ylk0T+x7OICppEE5WrKsKSJrtuu4PNDMv+jAG+wb0,4.292918,5.238904,6.774057000000001,0,2591700,22.59272,Interactive,1,1.75
221100,aBesI3vPItgV9K8KujDHhq6Ylk0T+x7OICppEE5WrKsKSJrtuu4PNDMv+jAG+wb0,4.331821,6.007861,8.549767999999998,0,2591700,22.59272,Interactive,1,1.75
221400,aBesI3vPItgV9K8KujDHhq6Ylk0T+x7OICppEE5WrKsKSJrtuu4PNDMv+jAG+wb0,4.74155,6.095123,8.683710000000001,0,2591700,22.59272,Interactive,1,1.75
221700,aBesI3vPItgV9K8KujDHhq6Ylk0T+x7OICppEE5WrKsKSJrtuu4PNDMv+jAG+wb0,4.299894999999999,5.694837000000001,8.645364,0,2591700,22.59272,Interactive,1,1.75
222000,aBesI3vPItgV9K8KujDHhq6Ylk0T+x7OICppEE5WrKsKSJrtuu4PNDMv+jAG+wb0,3.962866,6.246306,9.86127,0,2591700,22.59272,Interactive,1,1.75
222300,aBesI3vPItgV9K8KujDHhq6Ylk0T+x7OICppEE5WrKsKSJrtuu4PNDMv+jAG+wb0,4.602365,6.0029010000000005,8.694315,0,2591700,22.59272,Interactive,1,1.75
222600,aBesI3vPItgV9K8KujDHhq6Ylk0T+x7OICppEE5WrKsKSJrtuu4PNDMv+jAG+wb0,3.750847,5.4924800000000005,8.375181,0,2591700,22.59272,Interactive,1,1.75
222900,aBesI3vPItgV9K8KujDHhq6Ylk0T+x7OICppEE5WrKsKSJrtuu4PNDMv+jAG+wb0,3.985282,6.192915,8.760958,0,2591700,22.59272,Interactive,1,1.75
223200,aBesI3vPItgV9K8KujDHhq6Ylk0T+x7OICppEE5WrKsKSJrtuu4PNDMv+jAG+wb0,4.958769,6.399165,9.662761,0,2591700,22.59272,Interactive,1,1.75
223500,aBesI3vPItgV9K8KujDHhq6Ylk0T+x7OICppEE5WrKsKSJrtuu4PNDMv+jAG+wb0,3.3306760000000004,5.419576,8.197133000000001,0,2591700,22.59272,Interactive,1,1.75
223800,aBesI3vPItgV9K8KujDHhq6Ylk0T+x7OICppEE5WrKsKSJrtuu4PNDMv+jAG+wb0,5.087593,8.103991,25.923222,0,2591700,22.59272,Interactive,1,1.75
224100,aBesI3vPItgV9K8KujDHhq6Ylk0T+x7OICppEE5WrKsKSJrtuu4PNDMv+jAG+wb0,3.660886,5.995158999999999,8.820117,0,2591700,22.59272,Interactive,1,1.75
224400,aBesI3vPItgV9K8KujDHhq6Ylk0T+x7OICppEE5WrKsKSJrtuu4PNDMv+jAG+wb0,4.463617,5.708116,8.644919999999999,0,2591700,22.59272,Interactive,1,1.75
224700,aBesI3vPItgV9K8KujDHhq6Ylk0T+x7OICppEE5WrKsKSJrtuu4PNDMv+jAG+wb0,4.511283000000001,7.422865,17.62657,0,2591700,22.59272,Interactive,1,1.75
225000,aBesI3vPItgV9K8KujDHhq6Ylk0T+x7OICppEE5WrKsKSJrtuu4PNDMv+jAG+wb0,4.705492,6.558524,10.946455,0,2591700,22.59272,Interactive,1,1.75
225300,aBesI3vPItgV9K8KujDHhq6Ylk0T+x7OICppEE5WrKsKSJrtuu4PNDMv+jAG+wb0,2.984941,5.808797,9.070327,0,2591700,22.59272,Interactive,1,1.75
225600,aBesI3vPItgV9K8KujDHhq6Ylk0T+x7OICppEE5WrKsKSJrtuu4PNDMv+jAG+wb0,4.323943,6.475034,9.147465,0,2591700,22.59272,Interactive,1,1.75
225900,aBesI3vPItgV9K8KujDHhq6Ylk0T+x7OICppEE5WrKsKSJrtuu4PNDMv+jAG+wb0,4.686656,6.356904,9.336714,0,2591700,22.59272,Interactive,1,1.75
226200,aBesI3vPItgV9K8KujDHhq6Ylk0T+x7OICppEE5WrKsKSJrtuu4PNDMv+jAG+wb0,4.343396,5.802327,8.876132,0,2591700,22.59272,Interactive,1,1.75
226500,aBesI3vPItgV9K8KujDHhq6Ylk0T+x7OICppEE5WrKsKSJrtuu4PNDMv+jAG+wb0,4.556998999999999,7.263250999999999,13.910466,0,2591700,22.59272,Interactive,1,1.75
226800,aBesI3vPItgV9K8KujDHhq6Ylk0T+x7OICppEE5WrKsKSJrtuu4PNDMv+jAG+wb0,4.688479,6.647598,9.840059,0,2591700,22.59272,Interactive,1,1.75
227100,aBesI3vPItgV9K8KujDHhq6Ylk0T+x7OICppEE5WrKsKSJrtuu4PNDMv+jAG+wb0,4.539791,8.243542999999999,27.148984,0,2591700,22.59272,Interactive,1,1.75
227400,aBesI3vPItgV9K8KujDHhq6Ylk0T+x7OICppEE5WrKsKSJrtuu4PNDMv+jAG+wb0,3.464989,7.856789999999999,16.326435,0,2591700,22.59272,Interactive,1,1.75
227700,aBesI3vPItgV9K8KujDHhq6Ylk0T+x7OICppEE5WrKsKSJrtuu4PNDMv+jAG+wb0,4.611608,5.849664,9.562692,0,2591700,22.59272,Interactive,1,1.75
228000,aBesI3vPItgV9K8KujDHhq6Ylk0T+x7OICppEE5WrKsKSJrtuu4PNDMv+jAG+wb0,3.581556,5.3641760000000005,9.164086,0,2591700,22.59272,Interactive,1,1.75
228300,aBesI3vPItgV9K8KujDHhq6Ylk0T+x7OICppEE5WrKsKSJrtuu4PNDMv+jAG+wb0,3.921339,5.934679,9.173135,0,2591700,22.59272,Interactive,1,1.75
228600,aBesI3vPItgV9K8KujDHhq6Ylk0T+x7OICppEE5WrKsKSJrtuu4PNDMv+jAG+wb0,4.414338,5.680274,9.541552,0,2591700,22.59272,Interactive,1,1.75
228900,aBesI3vPItgV9K8KujDHhq6Ylk0T+x7OICppEE5WrKsKSJrtuu4PNDMv+jAG+wb0,4.094611,5.010102,6.057471,0,2591700,22.59272,Interactive,1,1.75
229200,aBesI3vPItgV9K8KujDHhq6Ylk0T+x7OICppEE5WrKsKSJrtuu4PNDMv+jAG+wb0,4.490016000000001,5.777819999999999,9.4418,0,2591700,22.59272,Interactive,1,1.75
229500,aBesI3vPItgV9K8KujDHhq6Ylk0T+x7OICppEE5WrKsKSJrtuu4PNDMv+jAG+wb0,3.610858,5.447592,9.404959,0,2591700,22.59272,Interactive,1,1.75
229800,aBesI3vPItgV9K8KujDHhq6Ylk0T+x7OICppEE5WrKsKSJrtuu4PNDMv+jAG+wb0,4.014762,5.556531,10.392973,0,2591700,22.59272,Interactive,1,1.75
230100,aBesI3vPItgV9K8KujDHhq6Ylk0T+x7OICppEE5WrKsKSJrtuu4PNDMv+jAG+wb0,4.535802,5.494435,9.308901,0,2591700,22.59272,Interactive,1,1.75
230400,aBesI3vPItgV9K8KujDHhq6Ylk0T+x7OICppEE5WrKsKSJrtuu4PNDMv+jAG+wb0,4.619751,8.353762,33.997052000000004,0,2591700,22.59272,Interactive,1,1.75
230700,aBesI3vPItgV9K8KujDHhq6Ylk0T+x7OICppEE5WrKsKSJrtuu4PNDMv+jAG+wb0,4.231739,6.987278999999999,15.747454,0,2591700,22.59272,Interactive,1,1.75
231000,aBesI3vPItgV9K8KujDHhq6Ylk0T+x7OICppEE5WrKsKSJrtuu4PNDMv+jAG+wb0,4.51577,7.841933,27.607091,0,2591700,22.59272,Interactive,1,1.75
231300,aBesI3vPItgV9K8KujDHhq6Ylk0T+x7OICppEE5WrKsKSJrtuu4PNDMv+jAG+wb0,4.26813,5.46405,9.013177,0,2591700,22.59272,Interactive,1,1.75
231600,aBesI3vPItgV9K8KujDHhq6Ylk0T+x7OICppEE5WrKsKSJrtuu4PNDMv+jAG+wb0,4.208552,18.086867,94.097199,0,2591700,22.59272,Interactive,1,1.75
231900,aBesI3vPItgV9K8KujDHhq6Ylk0T+x7OICppEE5WrKsKSJrtuu4PNDMv+jAG+wb0,4.583431,5.91471,9.427183,0,2591700,22.59272,Interactive,1,1.75
232200,aBesI3vPItgV9K8KujDHhq6Ylk0T+x7OICppEE5WrKsKSJrtuu4PNDMv+jAG+wb0,4.237663,5.789989,9.318725,0,2591700,22.59272,Interactive,1,1.75
232500,aBesI3vPItgV9K8KujDHhq6Ylk0T+x7OICppEE5WrKsKSJrtuu4PNDMv+jAG+wb0,3.603205,5.323739,10.030873,0,2591700,22.59272,Interactive,1,1.75
232800,aBesI3vPItgV9K8KujDHhq6Ylk0T+x7OICppEE5WrKsKSJrtuu4PNDMv+jAG+wb0,4.343617,5.210935,8.967103999999999,0,2591700,22.59272,Interactive,1,1.75
233100,aBesI3vPItgV9K8KujDHhq6Ylk0T+x7OICppEE5WrKsKSJrtuu4PNDMv+jAG+wb0,3.830484,5.234985,9.016553,0,2591700,22.59272,Interactive,1,1.75
233400,aBesI3vPItgV9K8KujDHhq6Ylk0T+x7OICppEE5WrKsKSJrtuu4PNDMv+jAG+wb0,3.650757,5.698913,12.436485,0,2591700,22.59272,Interactive,1,1.75
233700,aBesI3vPItgV9K8KujDHhq6Ylk0T+x7OICppEE5WrKsKSJrtuu4PNDMv+jAG+wb0,3.18391,5.097469,8.902588,0,2591700,22.59272,Interactive,1,1.75
234000,aBesI3vPItgV9K8KujDHhq6Ylk0T+x7OICppEE5WrKsKSJrtuu4PNDMv+jAG+wb0,3.736601,5.359049,9.127065,0,2591700,22.59272,Interactive,1,1.75
234300,aBesI3vPItgV9K8KujDHhq6Ylk0T+x7OICppEE5WrKsKSJrtuu4PNDMv+jAG+wb0,2.980563,4.332925,5.419364,0,2591700,22.59272,Interactive,1,1.75
234600,aBesI3vPItgV9K8KujDHhq6Ylk0T+x7OICppEE5WrKsKSJrtuu4PNDMv+jAG+wb0,4.347785,7.419567999999999,25.5434,0,2591700,22.59272,Interactive,1,1.75
234900,aBesI3vPItgV9K8KujDHhq6Ylk0T+x7OICppEE5WrKsKSJrtuu4PNDMv+jAG+wb0,3.682289,5.43098,9.308466,0,2591700,22.59272,Interactive,1,1.75
235200,aBesI3vPItgV9K8KujDHhq6Ylk0T+x7OICppEE5WrKsKSJrtuu4PNDMv+jAG+wb0,3.76114,5.148959,9.963575,0,2591700,22.59272,Interactive,1,1.75
235500,aBesI3vPItgV9K8KujDHhq6Ylk0T+x7OICppEE5WrKsKSJrtuu4PNDMv+jAG+wb0,4.242128,5.428294,9.319176,0,2591700,22.59272,Interactive,1,1.75
235800,aBesI3vPItgV9K8KujDHhq6Ylk0T+x7OICppEE5WrKsKSJrtuu4PNDMv+jAG+wb0,3.817925,5.348975,9.326616,0,2591700,22.59272,Interactive,1,1.75
236100,aBesI3vPItgV9K8KujDHhq6Ylk0T+x7OICppEE5WrKsKSJrtuu4PNDMv+jAG+wb0,3.281093,4.902111,10.043847,0,2591700,22.59272,Interactive,1,1.75
236400,aBesI3vPItgV9K8KujDHhq6Ylk0T+x7OICppEE5WrKsKSJrtuu4PNDMv+jAG+wb0,3.108343,7.861329,31.629974,0,2591700,22.59272,Interactive,1,1.75
236700,aBesI3vPItgV9K8KujDHhq6Ylk0T+x7OICppEE5WrKsKSJrtuu4PNDMv+jAG+wb0,3.751736,5.294251,9.329266,0,2591700,22.59272,Interactive,1,1.75
237000,aBesI3vPItgV9K8KujDHhq6Ylk0T+x7OICppEE5WrKsKSJrtuu4PNDMv+jAG+wb0,3.593554,4.991264,10.005561,0,2591700,22.59272,Interactive,1,1.75
237300,aBesI3vPItgV9K8KujDHhq6Ylk0T+x7OICppEE5WrKsKSJrtuu4PNDMv+jAG+wb0,4.254718,5.334174,9.242933,0,2591700,22.59272,Interactive,1,1.75
237600,aBesI3vPItgV9K8KujDHhq6Ylk0T+x7OICppEE5WrKsKSJrtuu4PNDMv+jAG+wb0,3.571232,5.1424330000000005,9.819428,0,2591700,22.59272,Interactive,1,1.75
237900,aBesI3vPItgV9K8KujDHhq6Ylk0T+x7OICppEE5WrKsKSJrtuu4PNDMv+jAG+wb0,3.533174,5.1563870000000005,9.73774,0,2591700,22.59272,Interactive,1,1.75
238200,aBesI3vPItgV9K8KujDHhq6Ylk0T+x7OICppEE5WrKsKSJrtuu4PNDMv+jAG+wb0,3.52797,7.147848,24.796946,0,2591700,22.59272,Interactive,1,1.75
238500,aBesI3vPItgV9K8KujDHhq6Ylk0T+x7OICppEE5WrKsKSJrtuu4PNDMv+jAG+wb0,3.735194,5.368926999999999,9.542915,0,2591700,22.59272,Interactive,1,1.75
238800,aBesI3vPItgV9K8KujDHhq6Ylk0T+x7OICppEE5WrKsKSJrtuu4PNDMv+jAG+wb0,3.649203,5.003991,8.632479,0,2591700,22.59272,Interactive,1,1.75
239100,aBesI3vPItgV9K8KujDHhq6Ylk0T+x7OICppEE5WrKsKSJrtuu4PNDMv+jAG+wb0,3.035728,5.063857,9.184738,0,2591700,22.59272,Interactive,1,1.75
239400,aBesI3vPItgV9K8KujDHhq6Ylk0T+x7OICppEE5WrKsKSJrtuu4PNDMv+jAG+wb0,3.609316,5.11117,9.203689,0,2591700,22.59272,Interactive,1,1.75
239700,aBesI3vPItgV9K8KujDHhq6Ylk0T+x7OICppEE5WrKsKSJrtuu4PNDMv+jAG+wb0,2.989727,4.915376999999999,8.863075,0,2591700,22.59272,Interactive,1,1.75
240000,aBesI3vPItgV9K8KujDHhq6Ylk0T+x7OICppEE5WrKsKSJrtuu4PNDMv+jAG+wb0,3.653693,5.25759,9.131713,0,2591700,22.59272,Interactive,1,1.75
240300,aBesI3vPItgV9K8KujDHhq6Ylk0T+x7OICppEE5WrKsKSJrtuu4PNDMv+jAG+wb0,3.505052,4.889433,9.857792,0,2591700,22.59272,Interactive,1,1.75
240600,aBesI3vPItgV9K8KujDHhq6Ylk0T+x7OICppEE5WrKsKSJrtuu4PNDMv+jAG+wb0,3.626333,5.181426,8.895517,0,2591700,22.59272,Interactive,1,1.75
240900,aBesI3vPItgV9K8KujDHhq6Ylk0T+x7OICppEE5WrKsKSJrtuu4PNDMv+jAG+wb0,3.648092,5.093098,9.132841,0,2591700,22.59272,Interactive,1,1.75
241200,aBesI3vPItgV9K8KujDHhq6Ylk0T+x7OICppEE5WrKsKSJrtuu4PNDMv+jAG+wb0,3.674815,5.33275,10.625394,0,2591700,22.59272,Interactive,1,1.75
241500,aBesI3vPItgV9K8KujDHhq6Ylk0T+x7OICppEE5WrKsKSJrtuu4PNDMv+jAG+wb0,3.327995,4.975905,9.121794,0,2591700,22.59272,Interactive,1,1.75
241800,aBesI3vPItgV9K8KujDHhq6Ylk0T+x7OICppEE5WrKsKSJrtuu4PNDMv+jAG+wb0,4.07164,7.392415,26.855018,0,2591700,22.59272,Interactive,1,1.75
242100,aBesI3vPItgV9K8KujDHhq6Ylk0T+x7OICppEE5WrKsKSJrtuu4PNDMv+jAG+wb0,3.656487,5.218344,9.403731,0,2591700,22.59272,Interactive,1,1.75
242400,aBesI3vPItgV9K8KujDHhq6Ylk0T+x7OICppEE5WrKsKSJrtuu4PNDMv+jAG+wb0,3.543887,4.944744,9.224591,0,2591700,22.59272,Interactive,1,1.75
242700,aBesI3vPItgV9K8KujDHhq6Ylk0T+x7OICppEE5WrKsKSJrtuu4PNDMv+jAG+wb0,3.689485,5.338839,9.061285,0,2591700,22.59272,Interactive,1,1.75
243000,aBesI3vPItgV9K8KujDHhq6Ylk0T+x7OICppEE5WrKsKSJrtuu4PNDMv+jAG+wb0,3.546389,4.927155,9.712442,0,2591700,22.59272,Interactive,1,1.75
243300,aBesI3vPItgV9K8KujDHhq6Ylk0T+x7OICppEE5WrKsKSJrtuu4PNDMv+jAG+wb0,3.705764,5.271261,9.097513,0,2591700,22.59272,Interactive,1,1.75
243600,aBesI3vPItgV9K8KujDHhq6Ylk0T+x7OICppEE5WrKsKSJrtuu4PNDMv+jAG+wb0,3.441999,5.02867,9.111062,0,2591700,22.59272,Interactive,1,1.75
243900,aBesI3vPItgV9K8KujDHhq6Ylk0T+x7OICppEE5WrKsKSJrtuu4PNDMv+jAG+wb0,3.663258,5.135127,9.148305,0,2591700,22.59272,Interactive,1,1.75
244200,aBesI3vPItgV9K8KujDHhq6Ylk0T+x7OICppEE5WrKsKSJrtuu4PNDMv+jAG+wb0,3.697666,5.038605,9.008586,0,2591700,22.59272,Interactive,1,1.75
244500,aBesI3vPItgV9K8KujDHhq6Ylk0T+x7OICppEE5WrKsKSJrtuu4PNDMv+jAG+wb0,3.627004,5.1206,9.153759,0,2591700,22.59272,Interactive,1,1.75
244800,aBesI3vPItgV9K8KujDHhq6Ylk0T+x7OICppEE5WrKsKSJrtuu4PNDMv+jAG+wb0,3.691277,5.11589,9.178991,0,2591700,22.59272,Interactive,1,1.75
245100,aBesI3vPItgV9K8KujDHhq6Ylk0T+x7OICppEE5WrKsKSJrtuu4PNDMv+jAG+wb0,3.624529,5.083556,9.029341,0,2591700,22.59272,Interactive,1,1.75
245400,aBesI3vPItgV9K8KujDHhq6Ylk0T+x7OICppEE5WrKsKSJrtuu4PNDMv+jAG+wb0,3.794779,6.868764,19.63564,0,2591700,22.59272,Interactive,1,1.75
245700,aBesI3vPItgV9K8KujDHhq6Ylk0T+x7OICppEE5WrKsKSJrtuu4PNDMv+jAG+wb0,3.639312,5.611689,10.075101,0,2591700,22.59272,Interactive,1,1.75
246000,aBesI3vPItgV9K8KujDHhq6Ylk0T+x7OICppEE5WrKsKSJrtuu4PNDMv+jAG+wb0,3.651445,5.254793,9.121597,0,2591700,22.59272,Interactive,1,1.75
246300,aBesI3vPItgV9K8KujDHhq6Ylk0T+x7OICppEE5WrKsKSJrtuu4PNDMv+jAG+wb0,3.760686,5.207202,9.236874,0,2591700,22.59272,Interactive,1,1.75
246600,aBesI3vPItgV9K8KujDHhq6Ylk0T+x7OICppEE5WrKsKSJrtuu4PNDMv+jAG+wb0,3.818891,5.378680999999999,9.295146,0,2591700,22.59272,Interactive,1,1.75
246900,aBesI3vPItgV9K8KujDHhq6Ylk0T+x7OICppEE5WrKsKSJrtuu4PNDMv+jAG+wb0,3.629191000000001,5.34451,9.159438,0,2591700,22.59272,Interactive,1,1.75
247200,aBesI3vPItgV9K8KujDHhq6Ylk0T+x7OICppEE5WrKsKSJrtuu4PNDMv+jAG+wb0,3.75791,5.096699,9.351476,0,2591700,22.59272,Interactive,1,1.75
247500,aBesI3vPItgV9K8KujDHhq6Ylk0T+x7OICppEE5WrKsKSJrtuu4PNDMv+jAG+wb0,3.671308,5.259498000000001,10.617444,0,2591700,22.59272,Interactive,1,1.75
247800,aBesI3vPItgV9K8KujDHhq6Ylk0T+x7OICppEE5WrKsKSJrtuu4PNDMv+jAG+wb0,3.750599,7.762408,30.338438,0,2591700,22.59272,Interactive,1,1.75
248100,aBesI3vPItgV9K8KujDHhq6Ylk0T+x7OICppEE5WrKsKSJrtuu4PNDMv+jAG+wb0,3.637692,5.135137,9.057442,0,2591700,22.59272,Interactive,1,1.75
248400,aBesI3vPItgV9K8KujDHhq6Ylk0T+x7OICppEE5WrKsKSJrtuu4PNDMv+jAG+wb0,3.13591,5.4544760000000005,11.293442,0,2591700,22.59272,Interactive,1,1.75
248700,aBesI3vPItgV9K8KujDHhq6Ylk0T+x7OICppEE5WrKsKSJrtuu4PNDMv+jAG+wb0,3.687819,5.226215,8.9946,0,2591700,22.59272,Interactive,1,1.75
249000,aBesI3vPItgV9K8KujDHhq6Ylk0T+x7OICppEE5WrKsKSJrtuu4PNDMv+jAG+wb0,3.683912,5.146065,8.986892,0,2591700,22.59272,Interactive,1,1.75
249300,aBesI3vPItgV9K8KujDHhq6Ylk0T+x7OICppEE5WrKsKSJrtuu4PNDMv+jAG+wb0,3.784628,7.446386,25.653583,0,2591700,22.59272,Interactive,1,1.75
249600,aBesI3vPItgV9K8KujDHhq6Ylk0T+x7OICppEE5WrKsKSJrtuu4PNDMv+jAG+wb0,3.707361,5.33517,9.059206,0,2591700,22.59272,Interactive,1,1.75
249900,aBesI3vPItgV9K8KujDHhq6Ylk0T+x7OICppEE5WrKsKSJrtuu4PNDMv+jAG+wb0,3.458739,5.148509,9.416939,0,2591700,22.59272,Interactive,1,1.75
250200,aBesI3vPItgV9K8KujDHhq6Ylk0T+x7OICppEE5WrKsKSJrtuu4PNDMv+jAG+wb0,3.908597,5.332523,10.504542,0,2591700,22.59272,Interactive,1,1.75
250500,aBesI3vPItgV9K8KujDHhq6Ylk0T+x7OICppEE5WrKsKSJrtuu4PNDMv+jAG+wb0,3.620875,5.1865,9.065584,0,2591700,22.59272,Interactive,1,1.75
250800,aBesI3vPItgV9K8KujDHhq6Ylk0T+x7OICppEE5WrKsKSJrtuu4PNDMv+jAG+wb0,3.710278,5.121982,9.437705,0,2591700,22.59272,Interactive,1,1.75
251100,aBesI3vPItgV9K8KujDHhq6Ylk0T+x7OICppEE5WrKsKSJrtuu4PNDMv+jAG+wb0,3.629431,5.292221,11.360969,0,2591700,22.59272,Interactive,1,1.75
251400,aBesI3vPItgV9K8KujDHhq6Ylk0T+x7OICppEE5WrKsKSJrtuu4PNDMv+jAG+wb0,3.690486,5.295997,9.010049,0,2591700,22.59272,Interactive,1,1.75
251700,aBesI3vPItgV9K8KujDHhq6Ylk0T+x7OICppEE5WrKsKSJrtuu4PNDMv+jAG+wb0,3.685686,5.081917,9.229399,0,2591700,22.59272,Interactive,1,1.75
252000,aBesI3vPItgV9K8KujDHhq6Ylk0T+x7OICppEE5WrKsKSJrtuu4PNDMv+jAG+wb0,3.982439,5.331594,10.515776,0,2591700,22.59272,Interactive,1,1.75
252300,aBesI3vPItgV9K8KujDHhq6Ylk0T+x7OICppEE5WrKsKSJrtuu4PNDMv+jAG+wb0,3.729424,5.294402,9.072029,0,2591700,22.59272,Interactive,1,1.75
252600,aBesI3vPItgV9K8KujDHhq6Ylk0T+x7OICppEE5WrKsKSJrtuu4PNDMv+jAG+wb0,3.014316,5.033769,9.198722,0,2591700,22.59272,Interactive,1,1.75
252900,aBesI3vPItgV9K8KujDHhq6Ylk0T+x7OICppEE5WrKsKSJrtuu4PNDMv+jAG+wb0,3.716896,7.469307000000001,25.320667,0,2591700,22.59272,Interactive,1,1.75
253200,aBesI3vPItgV9K8KujDHhq6Ylk0T+x7OICppEE5WrKsKSJrtuu4PNDMv+jAG+wb0,3.724201,5.221456,9.134176,0,2591700,22.59272,Interactive,1,1.75
253500,aBesI3vPItgV9K8KujDHhq6Ylk0T+x7OICppEE5WrKsKSJrtuu4PNDMv+jAG+wb0,3.792642,5.281548,9.286803,0,2591700,22.59272,Interactive,1,1.75
253800,aBesI3vPItgV9K8KujDHhq6Ylk0T+x7OICppEE5WrKsKSJrtuu4PNDMv+jAG+wb0,3.751807,5.362975,11.258091,0,2591700,22.59272,Interactive,1,1.75
254100,aBesI3vPItgV9K8KujDHhq6Ylk0T+x7OICppEE5WrKsKSJrtuu4PNDMv+jAG+wb0,3.792884,5.263458999999999,9.301209,0,2591700,22.59272,Interactive,1,1.75
254400,aBesI3vPItgV9K8KujDHhq6Ylk0T+x7OICppEE5WrKsKSJrtuu4PNDMv+jAG+wb0,3.764644,5.101459999999999,9.163012,0,2591700,22.59272,Interactive,1,1.75
254700,aBesI3vPItgV9K8KujDHhq6Ylk0T+x7OICppEE5WrKsKSJrtuu4PNDMv+jAG+wb0,3.773228,5.347646,10.663239,0,2591700,22.59272,Interactive,1,1.75
255000,aBesI3vPItgV9K8KujDHhq6Ylk0T+x7OICppEE5WrKsKSJrtuu4PNDMv+jAG+wb0,3.529389,5.154472,9.028387,0,2591700,22.59272,Interactive,1,1.75
255300,aBesI3vPItgV9K8KujDHhq6Ylk0T+x7OICppEE5WrKsKSJrtuu4PNDMv+jAG+wb0,3.408346,5.096618,9.553506,0,2591700,22.59272,Interactive,1,1.75
255600,aBesI3vPItgV9K8KujDHhq6Ylk0T+x7OICppEE5WrKsKSJrtuu4PNDMv+jAG+wb0,3.997795,5.581832,10.454971,0,2591700,22.59272,Interactive,1,1.75
255900,aBesI3vPItgV9K8KujDHhq6Ylk0T+x7OICppEE5WrKsKSJrtuu4PNDMv+jAG+wb0,2.860916,5.307498000000001,9.446202,0,2591700,22.59272,Interactive,1,1.75
256200,aBesI3vPItgV9K8KujDHhq6Ylk0T+x7OICppEE5WrKsKSJrtuu4PNDMv+jAG+wb0,3.857515,5.192851,9.343659,0,2591700,22.59272,Interactive,1,1.75
256500,aBesI3vPItgV9K8KujDHhq6Ylk0T+x7OICppEE5WrKsKSJrtuu4PNDMv+jAG+wb0,3.47624,7.450005,18.491773,0,2591700,22.59272,Interactive,1,1.75
256800,aBesI3vPItgV9K8KujDHhq6Ylk0T+x7OICppEE5WrKsKSJrtuu4PNDMv+jAG+wb0,3.800839,5.260024,9.153702,0,2591700,22.59272,Interactive,1,1.75
257100,aBesI3vPItgV9K8KujDHhq6Ylk0T+x7OICppEE5WrKsKSJrtuu4PNDMv+jAG+wb0,3.459704,5.148542,9.694524,0,2591700,22.59272,Interactive,1,1.75
257400,aBesI3vPItgV9K8KujDHhq6Ylk0T+x7OICppEE5WrKsKSJrtuu4PNDMv+jAG+wb0,3.840898,5.406574,9.467853,0,2591700,22.59272,Interactive,1,1.75
257700,aBesI3vPItgV9K8KujDHhq6Ylk0T+x7OICppEE5WrKsKSJrtuu4PNDMv+jAG+wb0,3.172446,5.121633999999999,9.28101,0,2591700,22.59272,Interactive,1,1.75
258000,aBesI3vPItgV9K8KujDHhq6Ylk0T+x7OICppEE5WrKsKSJrtuu4PNDMv+jAG+wb0,3.445418,5.057404,9.134862,0,2591700,22.59272,Interactive,1,1.75
258300,aBesI3vPItgV9K8KujDHhq6Ylk0T+x7OICppEE5WrKsKSJrtuu4PNDMv+jAG+wb0,3.775926,5.428726999999999,9.51219,0,2591700,22.59272,Interactive,1,1.75
258600,aBesI3vPItgV9K8KujDHhq6Ylk0T+x7OICppEE5WrKsKSJrtuu4PNDMv+jAG+wb0,3.725569,5.241853,9.243757,0,2591700,22.59272,Interactive,1,1.75
258900,aBesI3vPItgV9K8KujDHhq6Ylk0T+x7OICppEE5WrKsKSJrtuu4PNDMv+jAG+wb0,3.731643,5.199754,9.343354,0,2591700,22.59272,Interactive,1,1.75
259200,aBesI3vPItgV9K8KujDHhq6Ylk0T+x7OICppEE5WrKsKSJrtuu4PNDMv+jAG+wb0,2.963841,5.21939,9.677966,0,2591700,22.59272,Interactive,1,1.75
259500,aBesI3vPItgV9K8KujDHhq6Ylk0T+x7OICppEE5WrKsKSJrtuu4PNDMv+jAG+wb0,3.62771,5.304727,9.310503,0,2591700,22.59272,Interactive,1,1.75
259800,aBesI3vPItgV9K8KujDHhq6Ylk0T+x7OICppEE5WrKsKSJrtuu4PNDMv+jAG+wb0,2.996252,4.950982,9.090112,0,2591700,22.59272,Interactive,1,1.75
260100,aBesI3vPItgV9K8KujDHhq6Ylk0T+x7OICppEE5WrKsKSJrtuu4PNDMv+jAG+wb0,3.700929,7.476891999999999,26.104834,0,2591700,22.59272,Interactive,1,1.75
260400,aBesI3vPItgV9K8KujDHhq6Ylk0T+x7OICppEE5WrKsKSJrtuu4PNDMv+jAG+wb0,3.759814,10.566322,27.266912,0,2591700,22.59272,Interactive,1,1.75
260700,aBesI3vPItgV9K8KujDHhq6Ylk0T+x7OICppEE5WrKsKSJrtuu4PNDMv+jAG+wb0,3.0097970000000003,5.092048,9.356583,0,2591700,22.59272,Interactive,1,1.75
261000,aBesI3vPItgV9K8KujDHhq6Ylk0T+x7OICppEE5WrKsKSJrtuu4PNDMv+jAG+wb0,4.225435,5.403075,9.135408,0,2591700,22.59272,Interactive,1,1.75
261300,aBesI3vPItgV9K8KujDHhq6Ylk0T+x7OICppEE5WrKsKSJrtuu4PNDMv+jAG+wb0,3.453313,5.162632,9.335883,0,2591700,22.59272,Interactive,1,1.75
261600,aBesI3vPItgV9K8KujDHhq6Ylk0T+x7OICppEE5WrKsKSJrtuu4PNDMv+jAG+wb0,3.733523,5.139293,9.187389,0,2591700,22.59272,Interactive,1,1.75
261900,aBesI3vPItgV9K8KujDHhq6Ylk0T+x7OICppEE5WrKsKSJrtuu4PNDMv+jAG+wb0,3.723041,5.229841,9.925064,0,2591700,22.59272,Interactive,1,1.75
262200,aBesI3vPItgV9K8KujDHhq6Ylk0T+x7OICppEE5WrKsKSJrtuu4PNDMv+jAG+wb0,3.797852,5.202039,9.179288,0,2591700,22.59272,Interactive,1,1.75
262500,aBesI3vPItgV9K8KujDHhq6Ylk0T+x7OICppEE5WrKsKSJrtuu4PNDMv+jAG+wb0,3.475826,5.048216,9.431934,0,2591700,22.59272,Interactive,1,1.75
262800,aBesI3vPItgV9K8KujDHhq6Ylk0T+x7OICppEE5WrKsKSJrtuu4PNDMv+jAG+wb0,3.93169,5.295333,9.226878999999998,0,2591700,22.59272,Interactive,1,1.75
263100,aBesI3vPItgV9K8KujDHhq6Ylk0T+x7OICppEE5WrKsKSJrtuu4PNDMv+jAG+wb0,3.476827,5.246715,9.501888,0,2591700,22.59272,Interactive,1,1.75
263400,aBesI3vPItgV9K8KujDHhq6Ylk0T+x7OICppEE5WrKsKSJrtuu4PNDMv+jAG+wb0,3.634671,5.083413,9.251717,0,2591700,22.59272,Interactive,1,1.75
263700,aBesI3vPItgV9K8KujDHhq6Ylk0T+x7OICppEE5WrKsKSJrtuu4PNDMv+jAG+wb0,3.648265,7.495188000000001,23.956553,0,2591700,22.59272,Interactive,1,1.75
264000,aBesI3vPItgV9K8KujDHhq6Ylk0T+x7OICppEE5WrKsKSJrtuu4PNDMv+jAG+wb0,3.687012,5.188982,9.028358,0,2591700,22.59272,Interactive,1,1.75
264300,aBesI3vPItgV9K8KujDHhq6Ylk0T+x7OICppEE5WrKsKSJrtuu4PNDMv+jAG+wb0,3.650356,5.2854220000000005,9.646036,0,2591700,22.59272,Interactive,1,1.75
264600,aBesI3vPItgV9K8KujDHhq6Ylk0T+x7OICppEE5WrKsKSJrtuu4PNDMv+jAG+wb0,2.953478,5.18785,9.845358,0,2591700,22.59272,Interactive,1,1.75
264900,aBesI3vPItgV9K8KujDHhq6Ylk0T+x7OICppEE5WrKsKSJrtuu4PNDMv+jAG+wb0,3.719671,5.2676300000000005,9.491243,0,2591700,22.59272,Interactive,1,1.75
265200,aBesI3vPItgV9K8KujDHhq6Ylk0T+x7OICppEE5WrKsKSJrtuu4PNDMv+jAG+wb0,2.935406,4.988486,9.620402,0,2591700,22.59272,Interactive,1,1.75
265500,aBesI3vPItgV9K8KujDHhq6Ylk0T+x7OICppEE5WrKsKSJrtuu4PNDMv+jAG+wb0,4.030533999999999,5.392134,9.658513,0,2591700,22.59272,Interactive,1,1.75
265800,aBesI3vPItgV9K8KujDHhq6Ylk0T+x7OICppEE5WrKsKSJrtuu4PNDMv+jAG+wb0,3.21917,4.968008,9.022191,0,2591700,22.59272,Interactive,1,1.75
266100,aBesI3vPItgV9K8KujDHhq6Ylk0T+x7OICppEE5WrKsKSJrtuu4PNDMv+jAG+wb0,3.144676,5.168638,10.675694,0,2591700,22.59272,Interactive,1,1.75
266400,aBesI3vPItgV9K8KujDHhq6Ylk0T+x7OICppEE5WrKsKSJrtuu4PNDMv+jAG+wb0,4.225308,5.3242910000000006,9.228474,0,2591700,22.59272,Interactive,1,1.75
266700,aBesI3vPItgV9K8KujDHhq6Ylk0T+x7OICppEE5WrKsKSJrtuu4PNDMv+jAG+wb0,3.0248630000000003,4.963934,9.035331,0,2591700,22.59272,Interactive,1,1.75
267000,aBesI3vPItgV9K8KujDHhq6Ylk0T+x7OICppEE5WrKsKSJrtuu4PNDMv+jAG+wb0,3.986789,5.339544,10.525855,0,2591700,22.59272,Interactive,1,1.75
267300,aBesI3vPItgV9K8KujDHhq6Ylk0T+x7OICppEE5WrKsKSJrtuu4PNDMv+jAG+wb0,3.028544,7.28183,25.681795,0,2591700,22.59272,Interactive,1,1.75
267600,aBesI3vPItgV9K8KujDHhq6Ylk0T+x7OICppEE5WrKsKSJrtuu4PNDMv+jAG+wb0,3.905577,5.134512,9.041754,0,2591700,22.59272,Interactive,1,1.75
267900,aBesI3vPItgV9K8KujDHhq6Ylk0T+x7OICppEE5WrKsKSJrtuu4PNDMv+jAG+wb0,2.935133,5.210906,10.628701,0,2591700,22.59272,Interactive,1,1.75
268200,aBesI3vPItgV9K8KujDHhq6Ylk0T+x7OICppEE5WrKsKSJrtuu4PNDMv+jAG+wb0,4.050898999999999,5.351474,9.374852,0,2591700,22.59272,Interactive,1,1.75
268500,aBesI3vPItgV9K8KujDHhq6Ylk0T+x7OICppEE5WrKsKSJrtuu4PNDMv+jAG+wb0,2.775535,4.995439,9.036902,0,2591700,22.59272,Interactive,1,1.75
268800,aBesI3vPItgV9K8KujDHhq6Ylk0T+x7OICppEE5WrKsKSJrtuu4PNDMv+jAG+wb0,3.739472,5.24076,10.497785,0,2591700,22.59272,Interactive,1,1.75
269100,aBesI3vPItgV9K8KujDHhq6Ylk0T+x7OICppEE5WrKsKSJrtuu4PNDMv+jAG+wb0,3.941793,5.362998,9.230946,0,2591700,22.59272,Interactive,1,1.75
269400,aBesI3vPItgV9K8KujDHhq6Ylk0T+x7OICppEE5WrKsKSJrtuu4PNDMv+jAG+wb0,3.050074,5.011703,9.074826,0,2591700,22.59272,Interactive,1,1.75
269700,aBesI3vPItgV9K8KujDHhq6Ylk0T+x7OICppEE5WrKsKSJrtuu4PNDMv+jAG+wb0,3.745045,5.317568,10.488197,0,2591700,22.59272,Interactive,1,1.75
270000,aBesI3vPItgV9K8KujDHhq6Ylk0T+x7OICppEE5WrKsKSJrtuu4PNDMv+jAG+wb0,3.073756,5.294437,9.804259,0,2591700,22.59272,Interactive,1,1.75
270300,aBesI3vPItgV9K8KujDHhq6Ylk0T+x7OICppEE5WrKsKSJrtuu4PNDMv+jAG+wb0,3.770122,5.347574,9.122646,0,2591700,22.59272,Interactive,1,1.75
270600,aBesI3vPItgV9K8KujDHhq6Ylk0T+x7OICppEE5WrKsKSJrtuu4PNDMv+jAG+wb0,3.138012,5.1253,10.636544,0,2591700,22.59272,Interactive,1,1.75
270900,aBesI3vPItgV9K8KujDHhq6Ylk0T+x7OICppEE5WrKsKSJrtuu4PNDMv+jAG+wb0,3.951891,7.440886999999999,25.666274,0,2591700,22.59272,Interactive,1,1.75
271200,aBesI3vPItgV9K8KujDHhq6Ylk0T+x7OICppEE5WrKsKSJrtuu4PNDMv+jAG+wb0,2.9975560000000003,4.9884260000000005,8.982063,0,2591700,22.59272,Interactive,1,1.75
271500,aBesI3vPItgV9K8KujDHhq6Ylk0T+x7OICppEE5WrKsKSJrtuu4PNDMv+jAG+wb0,3.104446,5.267045,10.563,0,2591700,22.59272,Interactive,1,1.75
271800,aBesI3vPItgV9K8KujDHhq6Ylk0T+x7OICppEE5WrKsKSJrtuu4PNDMv+jAG+wb0,3.926454,5.3432900000000005,9.292783,0,2591700,22.59272,Interactive,1,1.75
272100,aBesI3vPItgV9K8KujDHhq6Ylk0T+x7OICppEE5WrKsKSJrtuu4PNDMv+jAG+wb0,3.603649,5.038255,9.065577,0,2591700,22.59272,Interactive,1,1.75
272400,aBesI3vPItgV9K8KujDHhq6Ylk0T+x7OICppEE5WrKsKSJrtuu4PNDMv+jAG+wb0,4.048975,5.318209,10.348748,0,2591700,22.59272,Interactive,1,1.75
272700,aBesI3vPItgV9K8KujDHhq6Ylk0T+x7OICppEE5WrKsKSJrtuu4PNDMv+jAG+wb0,3.63473,5.236579,9.604615,0,2591700,22.59272,Interactive,1,1.75
273000,aBesI3vPItgV9K8KujDHhq6Ylk0T+x7OICppEE5WrKsKSJrtuu4PNDMv+jAG+wb0,3.731027,5.166286,9.096924,0,2591700,22.59272,Interactive,1,1.75
273300,aBesI3vPItgV9K8KujDHhq6Ylk0T+x7OICppEE5WrKsKSJrtuu4PNDMv+jAG+wb0,3.608326,5.202449,10.496191,0,2591700,22.59272,Interactive,1,1.75
273600,aBesI3vPItgV9K8KujDHhq6Ylk0T+x7OICppEE5WrKsKSJrtuu4PNDMv+jAG+wb0,3.930933,5.353113,9.258353,0,2591700,22.59272,Interactive,1,1.75
273900,aBesI3vPItgV9K8KujDHhq6Ylk0T+x7OICppEE5WrKsKSJrtuu4PNDMv+jAG+wb0,3.730157,5.502003,9.096858,0,2591700,22.59272,Interactive,1,1.75
274200,aBesI3vPItgV9K8KujDHhq6Ylk0T+x7OICppEE5WrKsKSJrtuu4PNDMv+jAG+wb0,3.971196,5.62271,10.32478,0,2591700,22.59272,Interactive,1,1.75
274500,aBesI3vPItgV9K8KujDHhq6Ylk0T+x7OICppEE5WrKsKSJrtuu4PNDMv+jAG+wb0,3.273812,7.413235,18.374401,0,2591700,22.59272,Interactive,1,1.75
274800,aBesI3vPItgV9K8KujDHhq6Ylk0T+x7OICppEE5WrKsKSJrtuu4PNDMv+jAG+wb0,3.70374,5.131867,9.081466,0,2591700,22.59272,Interactive,1,1.75
275100,aBesI3vPItgV9K8KujDHhq6Ylk0T+x7OICppEE5WrKsKSJrtuu4PNDMv+jAG+wb0,3.83595,5.542012000000001,9.109191,0,2591700,22.59272,Interactive,1,1.75
275400,aBesI3vPItgV9K8KujDHhq6Ylk0T+x7OICppEE5WrKsKSJrtuu4PNDMv+jAG+wb0,3.446845,4.852677,6.299424,0,2591700,22.59272,Interactive,1,1.75
275700,aBesI3vPItgV9K8KujDHhq6Ylk0T+x7OICppEE5WrKsKSJrtuu4PNDMv+jAG+wb0,3.601756,5.214357,9.181834,0,2591700,22.59272,Interactive,1,1.75
276000,aBesI3vPItgV9K8KujDHhq6Ylk0T+x7OICppEE5WrKsKSJrtuu4PNDMv+jAG+wb0,2.963286,5.177968,9.267383,0,2591700,22.59272,Interactive,1,1.75
276300,aBesI3vPItgV9K8KujDHhq6Ylk0T+x7OICppEE5WrKsKSJrtuu4PNDMv+jAG+wb0,3.798698,5.374053,9.283335,0,2591700,22.59272,Interactive,1,1.75
276600,aBesI3vPItgV9K8KujDHhq6Ylk0T+x7OICppEE5WrKsKSJrtuu4PNDMv+jAG+wb0,3.5369010000000003,5.004958,9.11981,0,2591700,22.59272,Interactive,1,1.75
276900,aBesI3vPItgV9K8KujDHhq6Ylk0T+x7OICppEE5WrKsKSJrtuu4PNDMv+jAG+wb0,3.811354,5.414376,9.265788,0,2591700,22.59272,Interactive,1,1.75
277200,aBesI3vPItgV9K8KujDHhq6Ylk0T+x7OICppEE5WrKsKSJrtuu4PNDMv+jAG+wb0,3.3698900000000003,5.309229,9.290835,0,2591700,22.59272,Interactive,1,1.75
277500,aBesI3vPItgV9K8KujDHhq6Ylk0T+x7OICppEE5WrKsKSJrtuu4PNDMv+jAG+wb0,2.877459,5.340231,8.964084,0,2591700,22.59272,Interactive,1,1.75
277800,aBesI3vPItgV9K8KujDHhq6Ylk0T+x7OICppEE5WrKsKSJrtuu4PNDMv+jAG+wb0,3.850152,5.430149,9.204632,0,2591700,22.59272,Interactive,1,1.75
278100,aBesI3vPItgV9K8KujDHhq6Ylk0T+x7OICppEE5WrKsKSJrtuu4PNDMv+jAG+wb0,2.988319,6.905474000000001,24.597798,0,2591700,22.59272,Interactive,1,1.75
278400,aBesI3vPItgV9K8KujDHhq6Ylk0T+x7OICppEE5WrKsKSJrtuu4PNDMv+jAG+wb0,3.762306,5.31966,8.865199,0,2591700,22.59272,Interactive,1,1.75
278700,aBesI3vPItgV9K8KujDHhq6Ylk0T+x7OICppEE5WrKsKSJrtuu4PNDMv+jAG+wb0,3.716008,5.42168,9.170946,0,2591700,22.59272,Interactive,1,1.75
279000,aBesI3vPItgV9K8KujDHhq6Ylk0T+x7OICppEE5WrKsKSJrtuu4PNDMv+jAG+wb0,3.803351,5.399457,9.296406,0,2591700,22.59272,Interactive,1,1.75
279300,aBesI3vPItgV9K8KujDHhq6Ylk0T+x7OICppEE5WrKsKSJrtuu4PNDMv+jAG+wb0,3.827341000000001,5.348465,8.997753999999999,0,2591700,22.59272,Interactive,1,1.75
279600,aBesI3vPItgV9K8KujDHhq6Ylk0T+x7OICppEE5WrKsKSJrtuu4PNDMv+jAG+wb0,3.766885,5.320828,9.107,0,2591700,22.59272,Interactive,1,1.75
279900,aBesI3vPItgV9K8KujDHhq6Ylk0T+x7OICppEE5WrKsKSJrtuu4PNDMv+jAG+wb0,3.38939,5.376416000000001,9.519523,0,2591700,22.59272,Interactive,1,1.75
280200,aBesI3vPItgV9K8KujDHhq6Ylk0T+x7OICppEE5WrKsKSJrtuu4PNDMv+jAG+wb0,3.144269,5.103316,8.823273,0,2591700,22.59272,Interactive,1,1.75
280500,aBesI3vPItgV9K8KujDHhq6Ylk0T+x7OICppEE5WrKsKSJrtuu4PNDMv+jAG+wb0,3.727749,5.345083,9.219216,0,2591700,22.59272,Interactive,1,1.75
280800,aBesI3vPItgV9K8KujDHhq6Ylk0T+x7OICppEE5WrKsKSJrtuu4PNDMv+jAG+wb0,3.091356,4.770066,6.006899,0,2591700,22.59272,Interactive,1,1.75
281100,aBesI3vPItgV9K8KujDHhq6Ylk0T+x7OICppEE5WrKsKSJrtuu4PNDMv+jAG+wb0,3.732037,5.247854,9.12714,0,2591700,22.59272,Interactive,1,1.75
281400,aBesI3vPItgV9K8KujDHhq6Ylk0T+x7OICppEE5WrKsKSJrtuu4PNDMv+jAG+wb0,3.012848,5.228937,9.570696,0,2591700,22.59272,Interactive,1,1.75
281700,aBesI3vPItgV9K8KujDHhq6Ylk0T+x7OICppEE5WrKsKSJrtuu4PNDMv+jAG+wb0,3.934734,7.487703999999999,24.582353,0,2591700,22.59272,Interactive,1,1.75
282000,aBesI3vPItgV9K8KujDHhq6Ylk0T+x7OICppEE5WrKsKSJrtuu4PNDMv+jAG+wb0,3.972483,5.564153,9.185245,0,2591700,22.59272,Interactive,1,1.75
282300,aBesI3vPItgV9K8KujDHhq6Ylk0T+x7OICppEE5WrKsKSJrtuu4PNDMv+jAG+wb0,3.782633,5.423293,9.482745,0,2591700,22.59272,Interactive,1,1.75
282600,aBesI3vPItgV9K8KujDHhq6Ylk0T+x7OICppEE5WrKsKSJrtuu4PNDMv+jAG+wb0,3.682501,5.292449,9.539665,0,2591700,22.59272,Interactive,1,1.75
282900,aBesI3vPItgV9K8KujDHhq6Ylk0T+x7OICppEE5WrKsKSJrtuu4PNDMv+jAG+wb0,3.0950290000000003,5.186744999999999,9.228191,0,2591700,22.59272,Interactive,1,1.75
283200,aBesI3vPItgV9K8KujDHhq6Ylk0T+x7OICppEE5WrKsKSJrtuu4PNDMv+jAG+wb0,3.774269,5.371728,9.422725,0,2591700,22.59272,Interactive,1,1.75
283500,aBesI3vPItgV9K8KujDHhq6Ylk0T+x7OICppEE5WrKsKSJrtuu4PNDMv+jAG+wb0,3.819446,4.869743,6.372091,0,2591700,22.59272,Interactive,1,1.75
283800,aBesI3vPItgV9K8KujDHhq6Ylk0T+x7OICppEE5WrKsKSJrtuu4PNDMv+jAG+wb0,3.91138,5.252269999999999,9.468787,0,2591700,22.59272,Interactive,1,1.75
284100,aBesI3vPItgV9K8KujDHhq6Ylk0T+x7OICppEE5WrKsKSJrtuu4PNDMv+jAG+wb0,3.743792,5.4295160000000005,9.383966,0,2591700,22.59272,Interactive,1,1.75
284400,aBesI3vPItgV9K8KujDHhq6Ylk0T+x7OICppEE5WrKsKSJrtuu4PNDMv+jAG+wb0,3.941126,5.246889,9.551673,0,2591700,22.59272,Interactive,1,1.75
284700,aBesI3vPItgV9K8KujDHhq6Ylk0T+x7OICppEE5WrKsKSJrtuu4PNDMv+jAG+wb0,4.028894,5.986493,10.628444,0,2591700,22.59272,Interactive,1,1.75
285000,aBesI3vPItgV9K8KujDHhq6Ylk0T+x7OICppEE5WrKsKSJrtuu4PNDMv+jAG+wb0,3.718096,5.373435,9.719235,0,2591700,22.59272,Interactive,1,1.75
285300,aBesI3vPItgV9K8KujDHhq6Ylk0T+x7OICppEE5WrKsKSJrtuu4PNDMv+jAG+wb0,3.394672,7.358857,25.812137,0,2591700,22.59272,Interactive,1,1.75
285600,aBesI3vPItgV9K8KujDHhq6Ylk0T+x7OICppEE5WrKsKSJrtuu4PNDMv+jAG+wb0,3.777199,5.625401,12.608094,0,2591700,22.59272,Interactive,1,1.75
285900,aBesI3vPItgV9K8KujDHhq6Ylk0T+x7OICppEE5WrKsKSJrtuu4PNDMv+jAG+wb0,3.735994,5.470184,9.57458,0,2591700,22.59272,Interactive,1,1.75
286200,aBesI3vPItgV9K8KujDHhq6Ylk0T+x7OICppEE5WrKsKSJrtuu4PNDMv+jAG+wb0,3.760572,4.608338,5.103438,0,2591700,22.59272,Interactive,1,1.75
286500,aBesI3vPItgV9K8KujDHhq6Ylk0T+x7OICppEE5WrKsKSJrtuu4PNDMv+jAG+wb0,3.75416,5.376208,10.482131,0,2591700,22.59272,Interactive,1,1.75
286800,aBesI3vPItgV9K8KujDHhq6Ylk0T+x7OICppEE5WrKsKSJrtuu4PNDMv+jAG+wb0,3.2931550000000005,5.225319,9.497387,0,2591700,22.59272,Interactive,1,1.75
287100,aBesI3vPItgV9K8KujDHhq6Ylk0T+x7OICppEE5WrKsKSJrtuu4PNDMv+jAG+wb0,4.004996,5.27579,9.617051,0,2591700,22.59272,Interactive,1,1.75
287400,aBesI3vPItgV9K8KujDHhq6Ylk0T+x7OICppEE5WrKsKSJrtuu4PNDMv+jAG+wb0,3.799892,5.787504,10.880687,0,2591700,22.59272,Interactive,1,1.75
287700,aBesI3vPItgV9K8KujDHhq6Ylk0T+x7OICppEE5WrKsKSJrtuu4PNDMv+jAG+wb0,3.704819,5.371132,9.445175,0,2591700,22.59272,Interactive,1,1.75
288000,aBesI3vPItgV9K8KujDHhq6Ylk0T+x7OICppEE5WrKsKSJrtuu4PNDMv+jAG+wb0,2.811941,5.499748,9.477272,0,2591700,22.59272,Interactive,1,1.75
288300,aBesI3vPItgV9K8KujDHhq6Ylk0T+x7OICppEE5WrKsKSJrtuu4PNDMv+jAG+wb0,3.173166,5.2921260000000006,10.510403,0,2591700,22.59272,Interactive,1,1.75
288600,aBesI3vPItgV9K8KujDHhq6Ylk0T+x7OICppEE5WrKsKSJrtuu4PNDMv+jAG+wb0,3.781214,5.394493,9.521202,0,2591700,22.59272,Interactive,1,1.75
288900,aBesI3vPItgV9K8KujDHhq6Ylk0T+x7OICppEE5WrKsKSJrtuu4PNDMv+jAG+wb0,4.081309,6.877167,26.179041,0,2591700,22.59272,Interactive,1,1.75
289200,aBesI3vPItgV9K8KujDHhq6Ylk0T+x7OICppEE5WrKsKSJrtuu4PNDMv+jAG+wb0,3.675389,12.069958,42.041947,0,2591700,22.59272,Interactive,1,1.75
289500,aBesI3vPItgV9K8KujDHhq6Ylk0T+x7OICppEE5WrKsKSJrtuu4PNDMv+jAG+wb0,3.363842,5.439475,9.664859,0,2591700,22.59272,Interactive,1,1.75
289800,aBesI3vPItgV9K8KujDHhq6Ylk0T+x7OICppEE5WrKsKSJrtuu4PNDMv+jAG+wb0,4.268269999999999,5.270914,9.626625,0,2591700,22.59272,Interactive,1,1.75
290100,aBesI3vPItgV9K8KujDHhq6Ylk0T+x7OICppEE5WrKsKSJrtuu4PNDMv+jAG+wb0,3.685608,6.580728999999999,17.913415,0,2591700,22.59272,Interactive,1,1.75
290400,aBesI3vPItgV9K8KujDHhq6Ylk0T+x7OICppEE5WrKsKSJrtuu4PNDMv+jAG+wb0,3.716338,5.215416,9.289474,0,2591700,22.59272,Interactive,1,1.75
290700,aBesI3vPItgV9K8KujDHhq6Ylk0T+x7OICppEE5WrKsKSJrtuu4PNDMv+jAG+wb0,3.941278,5.154068,9.393631,0,2591700,22.59272,Interactive,1,1.75
291000,aBesI3vPItgV9K8KujDHhq6Ylk0T+x7OICppEE5WrKsKSJrtuu4PNDMv+jAG+wb0,3.64287,5.2928370000000005,10.165146,0,2591700,22.59272,Interactive,1,1.75
291300,aBesI3vPItgV9K8KujDHhq6Ylk0T+x7OICppEE5WrKsKSJrtuu4PNDMv+jAG+wb0,3.704995,5.297714,9.357398,0,2591700,22.59272,Interactive,1,1.75
291600,aBesI3vPItgV9K8KujDHhq6Ylk0T+x7OICppEE5WrKsKSJrtuu4PNDMv+jAG+wb0,3.952812,4.614685,5.0227900000000005,0,2591700,22.59272,Interactive,1,1.75
291900,aBesI3vPItgV9K8KujDHhq6Ylk0T+x7OICppEE5WrKsKSJrtuu4PNDMv+jAG+wb0,3.946246,5.909669999999999,11.761958,0,2591700,22.59272,Interactive,1,1.75
292200,aBesI3vPItgV9K8KujDHhq6Ylk0T+x7OICppEE5WrKsKSJrtuu4PNDMv+jAG+wb0,3.745274,5.320473000000001,9.260228,0,2591700,22.59272,Interactive,1,1.75
292500,aBesI3vPItgV9K8KujDHhq6Ylk0T+x7OICppEE5WrKsKSJrtuu4PNDMv+jAG+wb0,3.922846,7.276005,20.681946,0,2591700,22.59272,Interactive,1,1.75
292800,aBesI3vPItgV9K8KujDHhq6Ylk0T+x7OICppEE5WrKsKSJrtuu4PNDMv+jAG+wb0,3.77542,5.688738,8.863594,0,2591700,22.59272,Interactive,1,1.75
293100,aBesI3vPItgV9K8KujDHhq6Ylk0T+x7OICppEE5WrKsKSJrtuu4PNDMv+jAG+wb0,3.818374,5.431577,9.486952,0,2591700,22.59272,Interactive,1,1.75
293400,aBesI3vPItgV9K8KujDHhq6Ylk0T+x7OICppEE5WrKsKSJrtuu4PNDMv+jAG+wb0,3.756637,5.192235,9.347357,0,2591700,22.59272,Interactive,1,1.75
293700,aBesI3vPItgV9K8KujDHhq6Ylk0T+x7OICppEE5WrKsKSJrtuu4PNDMv+jAG+wb0,3.532304,5.346595,8.821935,0,2591700,22.59272,Interactive,1,1.75
294000,aBesI3vPItgV9K8KujDHhq6Ylk0T+x7OICppEE5WrKsKSJrtuu4PNDMv+jAG+wb0,3.726584,5.295443,9.195057,0,2591700,22.59272,Interactive,1,1.75
294300,aBesI3vPItgV9K8KujDHhq6Ylk0T+x7OICppEE5WrKsKSJrtuu4PNDMv+jAG+wb0,3.809754,4.646354,6.171493,0,2591700,22.59272,Interactive,1,1.75
294600,aBesI3vPItgV9K8KujDHhq6Ylk0T+x7OICppEE5WrKsKSJrtuu4PNDMv+jAG+wb0,3.739914,5.320828,8.825531,0,2591700,22.59272,Interactive,1,1.75
294900,aBesI3vPItgV9K8KujDHhq6Ylk0T+x7OICppEE5WrKsKSJrtuu4PNDMv+jAG+wb0,3.683564,5.389981,9.227785,0,2591700,22.59272,Interactive,1,1.75
295200,aBesI3vPItgV9K8KujDHhq6Ylk0T+x7OICppEE5WrKsKSJrtuu4PNDMv+jAG+wb0,3.672903,5.215996,9.659351,0,2591700,22.59272,Interactive,1,1.75
295500,aBesI3vPItgV9K8KujDHhq6Ylk0T+x7OICppEE5WrKsKSJrtuu4PNDMv+jAG+wb0,3.730898,5.652771,8.826823,0,2591700,22.59272,Interactive,1,1.75
295800,aBesI3vPItgV9K8KujDHhq6Ylk0T+x7OICppEE5WrKsKSJrtuu4PNDMv+jAG+wb0,3.678712,5.433572,9.237553,0,2591700,22.59272,Interactive,1,1.75
296100,aBesI3vPItgV9K8KujDHhq6Ylk0T+x7OICppEE5WrKsKSJrtuu4PNDMv+jAG+wb0,3.730257,7.597262,30.61161,0,2591700,22.59272,Interactive,1,1.75
296400,aBesI3vPItgV9K8KujDHhq6Ylk0T+x7OICppEE5WrKsKSJrtuu4PNDMv+jAG+wb0,3.676383,5.36266,8.76636,0,2591700,22.59272,Interactive,1,1.75
296700,aBesI3vPItgV9K8KujDHhq6Ylk0T+x7OICppEE5WrKsKSJrtuu4PNDMv+jAG+wb0,3.82322,5.487112000000001,9.325945,0,2591700,22.59272,Interactive,1,1.75
297000,aBesI3vPItgV9K8KujDHhq6Ylk0T+x7OICppEE5WrKsKSJrtuu4PNDMv+jAG+wb0,3.842599,4.752036,6.283367,0,2591700,22.59272,Interactive,1,1.75
297300,aBesI3vPItgV9K8KujDHhq6Ylk0T+x7OICppEE5WrKsKSJrtuu4PNDMv+jAG+wb0,3.691503,5.425590000000001,8.816483999999999,0,2591700,22.59272,Interactive,1,1.75
297600,aBesI3vPItgV9K8KujDHhq6Ylk0T+x7OICppEE5WrKsKSJrtuu4PNDMv+jAG+wb0,3.801125,5.48758,9.404017,0,2591700,22.59272,Interactive,1,1.75
297900,aBesI3vPItgV9K8KujDHhq6Ylk0T+x7OICppEE5WrKsKSJrtuu4PNDMv+jAG+wb0,3.664881,5.648315,13.307584,0,2591700,22.59272,Interactive,1,1.75
298200,aBesI3vPItgV9K8KujDHhq6Ylk0T+x7OICppEE5WrKsKSJrtuu4PNDMv+jAG+wb0,3.716861,6.034365,9.720138,0,2591700,22.59272,Interactive,1,1.75
298500,aBesI3vPItgV9K8KujDHhq6Ylk0T+x7OICppEE5WrKsKSJrtuu4PNDMv+jAG+wb0,3.718762,5.734097,9.487493,0,2591700,22.59272,Interactive,1,1.75
298800,aBesI3vPItgV9K8KujDHhq6Ylk0T+x7OICppEE5WrKsKSJrtuu4PNDMv+jAG+wb0,3.811159,5.251355,9.277586,0,2591700,22.59272,Interactive,1,1.75
299100,aBesI3vPItgV9K8KujDHhq6Ylk0T+x7OICppEE5WrKsKSJrtuu4PNDMv+jAG+wb0,3.767209,5.916694000000001,8.942412,0,2591700,22.59272,Interactive,1,1.75
299400,aBesI3vPItgV9K8KujDHhq6Ylk0T+x7OICppEE5WrKsKSJrtuu4PNDMv+jAG+wb0,3.734749,5.849002,9.317081,0,2591700,22.59272,Interactive,1,1.75
299700,aBesI3vPItgV9K8KujDHhq6Ylk0T+x7OICppEE5WrKsKSJrtuu4PNDMv+jAG+wb0,3.757706,4.712366,5.789146,0,2591700,22.59272,Interactive,1,1.75
300000,aBesI3vPItgV9K8KujDHhq6Ylk0T+x7OICppEE5WrKsKSJrtuu4PNDMv+jAG+wb0,3.98705,5.711625,9.184977,0,2591700,22.59272,Interactive,1,1.75
300300,aBesI3vPItgV9K8KujDHhq6Ylk0T+x7OICppEE5WrKsKSJrtuu4PNDMv+jAG+wb0,4.265808,5.8578,9.253815,0,2591700,22.59272,Interactive,1,1.75
300600,aBesI3vPItgV9K8KujDHhq6Ylk0T+x7OICppEE5WrKsKSJrtuu4PNDMv+jAG+wb0,3.730813,5.552887,11.441624,0,2591700,22.59272,Interactive,1,1.75
300900,aBesI3vPItgV9K8KujDHhq6Ylk0T+x7OICppEE5WrKsKSJrtuu4PNDMv+jAG+wb0,3.734739,5.996795,10.354468,0,2591700,22.59272,Interactive,1,1.75
301200,aBesI3vPItgV9K8KujDHhq6Ylk0T+x7OICppEE5WrKsKSJrtuu4PNDMv+jAG+wb0,3.849328,5.323826,9.357459,0,2591700,22.59272,Interactive,1,1.75
301500,aBesI3vPItgV9K8KujDHhq6Ylk0T+x7OICppEE5WrKsKSJrtuu4PNDMv+jAG+wb0,3.781488,5.284012000000001,9.878736,0,2591700,22.59272,Interactive,1,1.75
301800,aBesI3vPItgV9K8KujDHhq6Ylk0T+x7OICppEE5WrKsKSJrtuu4PNDMv+jAG+wb0,3.789958,5.3994860000000005,8.962381,0,2591700,22.59272,Interactive,1,1.75
302100,aBesI3vPItgV9K8KujDHhq6Ylk0T+x7OICppEE5WrKsKSJrtuu4PNDMv+jAG+wb0,3.721602,5.17651,9.249092999999998,0,2591700,22.59272,Interactive,1,1.75
302400,aBesI3vPItgV9K8KujDHhq6Ylk0T+x7OICppEE5WrKsKSJrtuu4PNDMv+jAG+wb0,3.834847,4.737596,5.902843,0,2591700,22.59272,Interactive,1,1.75
302700,aBesI3vPItgV9K8KujDHhq6Ylk0T+x7OICppEE5WrKsKSJrtuu4PNDMv+jAG+wb0,3.829115,5.387247,8.976421,0,2591700,22.59272,Interactive,1,1.75
303000,aBesI3vPItgV9K8KujDHhq6Ylk0T+x7OICppEE5WrKsKSJrtuu4PNDMv+jAG+wb0,3.846317,6.325019,11.31771,0,2591700,22.59272,Interactive,1,1.75
303300,aBesI3vPItgV9K8KujDHhq6Ylk0T+x7OICppEE5WrKsKSJrtuu4PNDMv+jAG+wb0,3.775634,7.779203999999999,20.311542000000003,0,2591700,22.59272,Interactive,1,1.75
303600,aBesI3vPItgV9K8KujDHhq6Ylk0T+x7OICppEE5WrKsKSJrtuu4PNDMv+jAG+wb0,3.770245,5.307214,9.012312,0,2591700,22.59272,Interactive,1,1.75
303900,aBesI3vPItgV9K8KujDHhq6Ylk0T+x7OICppEE5WrKsKSJrtuu4PNDMv+jAG+wb0,3.772869,5.262582,9.489091,0,2591700,22.59272,Interactive,1,1.75
304200,aBesI3vPItgV9K8KujDHhq6Ylk0T+x7OICppEE5WrKsKSJrtuu4PNDMv+jAG+wb0,3.797648,5.32712,10.83265,0,2591700,22.59272,Interactive,1,1.75
304500,aBesI3vPItgV9K8KujDHhq6Ylk0T+x7OICppEE5WrKsKSJrtuu4PNDMv+jAG+wb0,3.818854,5.728447,8.947063,0,2591700,22.59272,Interactive,1,1.75
304800,aBesI3vPItgV9K8KujDHhq6Ylk0T+x7OICppEE5WrKsKSJrtuu4PNDMv+jAG+wb0,3.80467,5.168888,9.243684,0,2591700,22.59272,Interactive,1,1.75
305100,aBesI3vPItgV9K8KujDHhq6Ylk0T+x7OICppEE5WrKsKSJrtuu4PNDMv+jAG+wb0,3.908552,5.080793,8.773582000000001,0,2591700,22.59272,Interactive,1,1.75
305400,aBesI3vPItgV9K8KujDHhq6Ylk0T+x7OICppEE5WrKsKSJrtuu4PNDMv+jAG+wb0,3.771239,5.369293,9.018116,0,2591700,22.59272,Interactive,1,1.75
305700,aBesI3vPItgV9K8KujDHhq6Ylk0T+x7OICppEE5WrKsKSJrtuu4PNDMv+jAG+wb0,3.867126,7.182299,22.629976,0,2591700,22.59272,Interactive,1,1.75
306000,aBesI3vPItgV9K8KujDHhq6Ylk0T+x7OICppEE5WrKsKSJrtuu4PNDMv+jAG+wb0,3.76118,5.399411,10.653095,0,2591700,22.59272,Interactive,1,1.75
306300,aBesI3vPItgV9K8KujDHhq6Ylk0T+x7OICppEE5WrKsKSJrtuu4PNDMv+jAG+wb0,3.836538,5.960336,10.999832,0,2591700,22.59272,Interactive,1,1.75
306600,aBesI3vPItgV9K8KujDHhq6Ylk0T+x7OICppEE5WrKsKSJrtuu4PNDMv+jAG+wb0,4.092017,5.202019,9.4424,0,2591700,22.59272,Interactive,1,1.75
306900,aBesI3vPItgV9K8KujDHhq6Ylk0T+x7OICppEE5WrKsKSJrtuu4PNDMv+jAG+wb0,3.860736,7.928493,26.262586,0,2591700,22.59272,Interactive,1,1.75
307200,aBesI3vPItgV9K8KujDHhq6Ylk0T+x7OICppEE5WrKsKSJrtuu4PNDMv+jAG+wb0,3.814165,5.548187,9.127614,0,2591700,22.59272,Interactive,1,1.75
307500,aBesI3vPItgV9K8KujDHhq6Ylk0T+x7OICppEE5WrKsKSJrtuu4PNDMv+jAG+wb0,3.920575,5.209242,9.309112,0,2591700,22.59272,Interactive,1,1.75
307800,aBesI3vPItgV9K8KujDHhq6Ylk0T+x7OICppEE5WrKsKSJrtuu4PNDMv+jAG+wb0,3.842029,5.390674,11.187212,0,2591700,22.59272,Interactive,1,1.75
308100,aBesI3vPItgV9K8KujDHhq6Ylk0T+x7OICppEE5WrKsKSJrtuu4PNDMv+jAG+wb0,3.821897,5.3049040000000005,8.835537,0,2591700,22.59272,Interactive,1,1.75
308400,aBesI3vPItgV9K8KujDHhq6Ylk0T+x7OICppEE5WrKsKSJrtuu4PNDMv+jAG+wb0,4.047707,6.453344,10.610097,0,2591700,22.59272,Interactive,1,1.75
308700,aBesI3vPItgV9K8KujDHhq6Ylk0T+x7OICppEE5WrKsKSJrtuu4PNDMv+jAG+wb0,3.83708,5.721343,10.757041,0,2591700,22.59272,Interactive,1,1.75
309000,aBesI3vPItgV9K8KujDHhq6Ylk0T+x7OICppEE5WrKsKSJrtuu4PNDMv+jAG+wb0,3.741251,5.481121,8.927795,0,2591700,22.59272,Interactive,1,1.75
309300,aBesI3vPItgV9K8KujDHhq6Ylk0T+x7OICppEE5WrKsKSJrtuu4PNDMv+jAG+wb0,3.741778,5.175865,9.373542,0,2591700,22.59272,Interactive,1,1.75
309600,aBesI3vPItgV9K8KujDHhq6Ylk0T+x7OICppEE5WrKsKSJrtuu4PNDMv+jAG+wb0,3.8608,5.289626,10.634425,0,2591700,22.59272,Interactive,1,1.75
309900,aBesI3vPItgV9K8KujDHhq6Ylk0T+x7OICppEE5WrKsKSJrtuu4PNDMv+jAG+wb0,3.75613,5.481134,8.935195,0,2591700,22.59272,Interactive,1,1.75
310200,aBesI3vPItgV9K8KujDHhq6Ylk0T+x7OICppEE5WrKsKSJrtuu4PNDMv+jAG+wb0,3.872362,5.196888,9.185146,0,2591700,22.59272,Interactive,1,1.75
310500,aBesI3vPItgV9K8KujDHhq6Ylk0T+x7OICppEE5WrKsKSJrtuu4PNDMv+jAG+wb0,3.820775,7.085806,25.55904,0,2591700,22.59272,Interactive,1,1.75
310800,aBesI3vPItgV9K8KujDHhq6Ylk0T+x7OICppEE5WrKsKSJrtuu4PNDMv+jAG+wb0,3.840837,5.327247,8.869908,0,2591700,22.59272,Interactive,1,1.75
311100,aBesI3vPItgV9K8KujDHhq6Ylk0T+x7OICppEE5WrKsKSJrtuu4PNDMv+jAG+wb0,3.738579,8.020196,32.585421999999994,0,2591700,22.59272,Interactive,1,1.75
311400,aBesI3vPItgV9K8KujDHhq6Ylk0T+x7OICppEE5WrKsKSJrtuu4PNDMv+jAG+wb0,3.879404,5.428640000000001,9.276822,0,2591700,22.59272,Interactive,1,1.75
311700,aBesI3vPItgV9K8KujDHhq6Ylk0T+x7OICppEE5WrKsKSJrtuu4PNDMv+jAG+wb0,3.791728,7.857023,27.310595000000003,0,2591700,22.59272,Interactive,1,1.75
312000,aBesI3vPItgV9K8KujDHhq6Ylk0T+x7OICppEE5WrKsKSJrtuu4PNDMv+jAG+wb0,4.03174,5.241984,9.332628,0,2591700,22.59272,Interactive,1,1.75
312300,aBesI3vPItgV9K8KujDHhq6Ylk0T+x7OICppEE5WrKsKSJrtuu4PNDMv+jAG+wb0,3.87845,5.369976,9.275608,0,2591700,22.59272,Interactive,1,1.75
312600,aBesI3vPItgV9K8KujDHhq6Ylk0T+x7OICppEE5WrKsKSJrtuu4PNDMv+jAG+wb0,3.803912,5.441409999999999,8.993673,0,2591700,22.59272,Interactive,1,1.75
312900,aBesI3vPItgV9K8KujDHhq6Ylk0T+x7OICppEE5WrKsKSJrtuu4PNDMv+jAG+wb0,3.83038,5.210382,9.258717,0,2591700,22.59272,Interactive,1,1.75
313200,aBesI3vPItgV9K8KujDHhq6Ylk0T+x7OICppEE5WrKsKSJrtuu4PNDMv+jAG+wb0,3.889027,5.543836,8.45492,0,2591700,22.59272,Interactive,1,1.75
313500,aBesI3vPItgV9K8KujDHhq6Ylk0T+x7OICppEE5WrKsKSJrtuu4PNDMv+jAG+wb0,3.705202,5.317062,8.894931,0,2591700,22.59272,Interactive,1,1.75
313800,aBesI3vPItgV9K8KujDHhq6Ylk0T+x7OICppEE5WrKsKSJrtuu4PNDMv+jAG+wb0,3.950198,5.414687000000001,9.439339,0,2591700,22.59272,Interactive,1,1.75
314100,aBesI3vPItgV9K8KujDHhq6Ylk0T+x7OICppEE5WrKsKSJrtuu4PNDMv+jAG+wb0,3.930176,7.484739999999999,24.922768,0,2591700,22.59272,Interactive,1,1.75
314400,aBesI3vPItgV9K8KujDHhq6Ylk0T+x7OICppEE5WrKsKSJrtuu4PNDMv+jAG+wb0,3.91464,6.054533999999999,10.813875,0,2591700,22.59272,Interactive,1,1.75
314700,aBesI3vPItgV9K8KujDHhq6Ylk0T+x7OICppEE5WrKsKSJrtuu4PNDMv+jAG+wb0,3.996194,5.394275,9.348303,0,2591700,22.59272,Interactive,1,1.75
315000,aBesI3vPItgV9K8KujDHhq6Ylk0T+x7OICppEE5WrKsKSJrtuu4PNDMv+jAG+wb0,3.817583,5.826676,9.486434,0,2591700,22.59272,Interactive,1,1.75
315300,aBesI3vPItgV9K8KujDHhq6Ylk0T+x7OICppEE5WrKsKSJrtuu4PNDMv+jAG+wb0,3.957539,5.492723000000001,8.95657,0,2591700,22.59272,Interactive,1,1.75
315600,aBesI3vPItgV9K8KujDHhq6Ylk0T+x7OICppEE5WrKsKSJrtuu4PNDMv+jAG+wb0,4.116849,5.2259910000000005,9.368836,0,2591700,22.59272,Interactive,1,1.75
315900,aBesI3vPItgV9K8KujDHhq6Ylk0T+x7OICppEE5WrKsKSJrtuu4PNDMv+jAG+wb0,3.949298,7.3166,23.679577,0,2591700,22.59272,Interactive,1,1.75
316200,aBesI3vPItgV9K8KujDHhq6Ylk0T+x7OICppEE5WrKsKSJrtuu4PNDMv+jAG+wb0,4.215367,5.748258,9.300697,0,2591700,22.59272,Interactive,1,1.75
316500,aBesI3vPItgV9K8KujDHhq6Ylk0T+x7OICppEE5WrKsKSJrtuu4PNDMv+jAG+wb0,3.294685,5.839169,9.566986,0,2591700,22.59272,Interactive,1,1.75
316800,aBesI3vPItgV9K8KujDHhq6Ylk0T+x7OICppEE5WrKsKSJrtuu4PNDMv+jAG+wb0,4.2633,14.698064000000002,40.202905,0,2591700,22.59272,Interactive,1,1.75
317100,aBesI3vPItgV9K8KujDHhq6Ylk0T+x7OICppEE5WrKsKSJrtuu4PNDMv+jAG+wb0,2.848257,7.267048,15.419466,0,2591700,22.59272,Interactive,1,1.75
317400,aBesI3vPItgV9K8KujDHhq6Ylk0T+x7OICppEE5WrKsKSJrtuu4PNDMv+jAG+wb0,3.860182,5.567168,10.447747,0,2591700,22.59272,Interactive,1,1.75
317700,aBesI3vPItgV9K8KujDHhq6Ylk0T+x7OICppEE5WrKsKSJrtuu4PNDMv+jAG+wb0,3.682501,7.824730000000001,25.523009,0,2591700,22.59272,Interactive,1,1.75
318000,aBesI3vPItgV9K8KujDHhq6Ylk0T+x7OICppEE5WrKsKSJrtuu4PNDMv+jAG+wb0,4.064988,12.122729,36.47397,0,2591700,22.59272,Interactive,1,1.75
318300,aBesI3vPItgV9K8KujDHhq6Ylk0T+x7OICppEE5WrKsKSJrtuu4PNDMv+jAG+wb0,3.953025,5.765889,9.389207,0,2591700,22.59272,Interactive,1,1.75
318600,aBesI3vPItgV9K8KujDHhq6Ylk0T+x7OICppEE5WrKsKSJrtuu4PNDMv+jAG+wb0,3.999528,5.323447,9.369249,0,2591700,22.59272,Interactive,1,1.75
318900,aBesI3vPItgV9K8KujDHhq6Ylk0T+x7OICppEE5WrKsKSJrtuu4PNDMv+jAG+wb0,3.859802,5.157123,8.815557,0,2591700,22.59272,Interactive,1,1.75
319200,aBesI3vPItgV9K8KujDHhq6Ylk0T+x7OICppEE5WrKsKSJrtuu4PNDMv+jAG+wb0,3.667918,5.044904,9.833055,0,2591700,22.59272,Interactive,1,1.75
319500,aBesI3vPItgV9K8KujDHhq6Ylk0T+x7OICppEE5WrKsKSJrtuu4PNDMv+jAG+wb0,3.64103,5.152622,9.20571,0,2591700,22.59272,Interactive,1,1.75
319800,aBesI3vPItgV9K8KujDHhq6Ylk0T+x7OICppEE5WrKsKSJrtuu4PNDMv+jAG+wb0,4.033338,6.705589,21.546215,0,2591700,22.59272,Interactive,1,1.75
320100,aBesI3vPItgV9K8KujDHhq6Ylk0T+x7OICppEE5WrKsKSJrtuu4PNDMv+jAG+wb0,3.661981,5.142138,10.610064,0,2591700,22.59272,Interactive,1,1.75
320400,aBesI3vPItgV9K8KujDHhq6Ylk0T+x7OICppEE5WrKsKSJrtuu4PNDMv+jAG+wb0,3.751314,6.328946,12.824978,0,2591700,22.59272,Interactive,1,1.75
320700,aBesI3vPItgV9K8KujDHhq6Ylk0T+x7OICppEE5WrKsKSJrtuu4PNDMv+jAG+wb0,3.945637,15.066264000000002,95.848178,0,2591700,22.59272,Interactive,1,1.75
321000,aBesI3vPItgV9K8KujDHhq6Ylk0T+x7OICppEE5WrKsKSJrtuu4PNDMv+jAG+wb0,3.712927,7.871752000000001,22.605541,0,2591700,22.59272,Interactive,1,1.75
321300,aBesI3vPItgV9K8KujDHhq6Ylk0T+x7OICppEE5WrKsKSJrtuu4PNDMv+jAG+wb0,3.054234,7.21442,18.419906,0,2591700,22.59272,Interactive,1,1.75
321600,aBesI3vPItgV9K8KujDHhq6Ylk0T+x7OICppEE5WrKsKSJrtuu4PNDMv+jAG+wb0,4.092785,5.082938,8.888474,0,2591700,22.59272,Interactive,1,1.75
321900,aBesI3vPItgV9K8KujDHhq6Ylk0T+x7OICppEE5WrKsKSJrtuu4PNDMv+jAG+wb0,3.5825339999999994,5.261529,11.187821,0,2591700,22.59272,Interactive,1,1.75
322200,aBesI3vPItgV9K8KujDHhq6Ylk0T+x7OICppEE5WrKsKSJrtuu4PNDMv+jAG+wb0,3.804674,5.242111,9.271227,0,2591700,22.59272,Interactive,1,1.75
322500,aBesI3vPItgV9K8KujDHhq6Ylk0T+x7OICppEE5WrKsKSJrtuu4PNDMv+jAG+wb0,2.665507,4.823457,8.963257,0,2591700,22.59272,Interactive,1,1.75
322800,aBesI3vPItgV9K8KujDHhq6Ylk0T+x7OICppEE5WrKsKSJrtuu4PNDMv+jAG+wb0,3.741494,5.28543,10.394206,0,2591700,22.59272,Interactive,1,1.75
323100,aBesI3vPItgV9K8KujDHhq6Ylk0T+x7OICppEE5WrKsKSJrtuu4PNDMv+jAG+wb0,3.720322,5.397659,9.311458,0,2591700,22.59272,Interactive,1,1.75
323400,aBesI3vPItgV9K8KujDHhq6Ylk0T+x7OICppEE5WrKsKSJrtuu4PNDMv+jAG+wb0,3.993783,5.028076,8.993282,0,2591700,22.59272,Interactive,1,1.75
323700,aBesI3vPItgV9K8KujDHhq6Ylk0T+x7OICppEE5WrKsKSJrtuu4PNDMv+jAG+wb0,3.641342,5.969332,10.402994,0,2591700,22.59272,Interactive,1,1.75
324000,aBesI3vPItgV9K8KujDHhq6Ylk0T+x7OICppEE5WrKsKSJrtuu4PNDMv+jAG+wb0,3.690994,5.153464,9.322345,0,2591700,22.59272,Interactive,1,1.75
324300,aBesI3vPItgV9K8KujDHhq6Ylk0T+x7OICppEE5WrKsKSJrtuu4PNDMv+jAG+wb0,4.012883,5.083675,8.7869,0,2591700,22.59272,Interactive,1,1.75
324600,aBesI3vPItgV9K8KujDHhq6Ylk0T+x7OICppEE5WrKsKSJrtuu4PNDMv+jAG+wb0,3.874423,5.312898000000001,10.921481,0,2591700,22.59272,Interactive,1,1.75
324900,aBesI3vPItgV9K8KujDHhq6Ylk0T+x7OICppEE5WrKsKSJrtuu4PNDMv+jAG+wb0,3.737586,7.333586,25.798179,0,2591700,22.59272,Interactive,1,1.75
325200,aBesI3vPItgV9K8KujDHhq6Ylk0T+x7OICppEE5WrKsKSJrtuu4PNDMv+jAG+wb0,3.900374,4.992648,8.847112,0,2591700,22.59272,Interactive,1,1.75
325500,aBesI3vPItgV9K8KujDHhq6Ylk0T+x7OICppEE5WrKsKSJrtuu4PNDMv+jAG+wb0,3.687444,5.232284,10.396654,0,2591700,22.59272,Interactive,1,1.75
325800,aBesI3vPItgV9K8KujDHhq6Ylk0T+x7OICppEE5WrKsKSJrtuu4PNDMv+jAG+wb0,3.73506,5.275298,9.318344,0,2591700,22.59272,Interactive,1,1.75
326100,aBesI3vPItgV9K8KujDHhq6Ylk0T+x7OICppEE5WrKsKSJrtuu4PNDMv+jAG+wb0,3.930091,5.068421,8.897105999999999,0,2591700,22.59272,Interactive,1,1.75
326400,aBesI3vPItgV9K8KujDHhq6Ylk0T+x7OICppEE5WrKsKSJrtuu4PNDMv+jAG+wb0,3.710967,5.187398,10.456819,0,2591700,22.59272,Interactive,1,1.75
326700,aBesI3vPItgV9K8KujDHhq6Ylk0T+x7OICppEE5WrKsKSJrtuu4PNDMv+jAG+wb0,3.268418,5.065303,9.227555,0,2591700,22.59272,Interactive,1,1.75
327000,aBesI3vPItgV9K8KujDHhq6Ylk0T+x7OICppEE5WrKsKSJrtuu4PNDMv+jAG+wb0,3.752103,5.089980000000001,8.905883,0,2591700,22.59272,Interactive,1,1.75
327300,aBesI3vPItgV9K8KujDHhq6Ylk0T+x7OICppEE5WrKsKSJrtuu4PNDMv+jAG+wb0,3.661286,5.249333999999999,10.406348,0,2591700,22.59272,Interactive,1,1.75
327600,aBesI3vPItgV9K8KujDHhq6Ylk0T+x7OICppEE5WrKsKSJrtuu4PNDMv+jAG+wb0,3.803204,5.228578,9.366072,0,2591700,22.59272,Interactive,1,1.75
327900,aBesI3vPItgV9K8KujDHhq6Ylk0T+x7OICppEE5WrKsKSJrtuu4PNDMv+jAG+wb0,3.899696,5.054249,8.97124,0,2591700,22.59272,Interactive,1,1.75
328200,aBesI3vPItgV9K8KujDHhq6Ylk0T+x7OICppEE5WrKsKSJrtuu4PNDMv+jAG+wb0,3.671579,5.415636,9.284392,0,2591700,22.59272,Interactive,1,1.75
328500,aBesI3vPItgV9K8KujDHhq6Ylk0T+x7OICppEE5WrKsKSJrtuu4PNDMv+jAG+wb0,3.717808,7.637135000000001,26.601667,0,2591700,22.59272,Interactive,1,1.75
328800,aBesI3vPItgV9K8KujDHhq6Ylk0T+x7OICppEE5WrKsKSJrtuu4PNDMv+jAG+wb0,3.844559,5.096133,9.101066,0,2591700,22.59272,Interactive,1,1.75
329100,aBesI3vPItgV9K8KujDHhq6Ylk0T+x7OICppEE5WrKsKSJrtuu4PNDMv+jAG+wb0,3.644864,5.227442,9.112736,0,2591700,22.59272,Interactive,1,1.75
329400,aBesI3vPItgV9K8KujDHhq6Ylk0T+x7OICppEE5WrKsKSJrtuu4PNDMv+jAG+wb0,3.651688,5.278658,9.326333,0,2591700,22.59272,Interactive,1,1.75
329700,aBesI3vPItgV9K8KujDHhq6Ylk0T+x7OICppEE5WrKsKSJrtuu4PNDMv+jAG+wb0,3.891632,5.094832,8.781033,0,2591700,22.59272,Interactive,1,1.75
330000,aBesI3vPItgV9K8KujDHhq6Ylk0T+x7OICppEE5WrKsKSJrtuu4PNDMv+jAG+wb0,3.707103,5.195433,9.72988,0,2591700,22.59272,Interactive,1,1.75
330300,aBesI3vPItgV9K8KujDHhq6Ylk0T+x7OICppEE5WrKsKSJrtuu4PNDMv+jAG+wb0,3.672518,5.223345,9.307347,0,2591700,22.59272,Interactive,1,1.75
330600,aBesI3vPItgV9K8KujDHhq6Ylk0T+x7OICppEE5WrKsKSJrtuu4PNDMv+jAG+wb0,3.364647,4.932278,8.705212,0,2591700,22.59272,Interactive,1,1.75
330900,aBesI3vPItgV9K8KujDHhq6Ylk0T+x7OICppEE5WrKsKSJrtuu4PNDMv+jAG+wb0,3.664883,5.255406,9.24618,0,2591700,22.59272,Interactive,1,1.75
331200,aBesI3vPItgV9K8KujDHhq6Ylk0T+x7OICppEE5WrKsKSJrtuu4PNDMv+jAG+wb0,3.747576,5.379511,9.359801,0,2591700,22.59272,Interactive,1,1.75
331500,aBesI3vPItgV9K8KujDHhq6Ylk0T+x7OICppEE5WrKsKSJrtuu4PNDMv+jAG+wb0,2.954271,4.9371,8.860204,0,2591700,22.59272,Interactive,1,1.75
331800,aBesI3vPItgV9K8KujDHhq6Ylk0T+x7OICppEE5WrKsKSJrtuu4PNDMv+jAG+wb0,3.729521,5.251913,9.236402,0,2591700,22.59272,Interactive,1,1.75
332100,aBesI3vPItgV9K8KujDHhq6Ylk0T+x7OICppEE5WrKsKSJrtuu4PNDMv+jAG+wb0,3.10201,5.434106,9.284726,0,2591700,22.59272,Interactive,1,1.75
332400,aBesI3vPItgV9K8KujDHhq6Ylk0T+x7OICppEE5WrKsKSJrtuu4PNDMv+jAG+wb0,3.924702,6.737428,20.004253,0,2591700,22.59272,Interactive,1,1.75
332700,aBesI3vPItgV9K8KujDHhq6Ylk0T+x7OICppEE5WrKsKSJrtuu4PNDMv+jAG+wb0,3.726223000000001,5.294771,9.654633,0,2591700,22.59272,Interactive,1,1.75
333000,aBesI3vPItgV9K8KujDHhq6Ylk0T+x7OICppEE5WrKsKSJrtuu4PNDMv+jAG+wb0,3.691066,5.273161,9.240692999999998,0,2591700,22.59272,Interactive,1,1.75
333300,aBesI3vPItgV9K8KujDHhq6Ylk0T+x7OICppEE5WrKsKSJrtuu4PNDMv+jAG+wb0,3.702709,4.948386,8.954137,0,2591700,22.59272,Interactive,1,1.75
333600,aBesI3vPItgV9K8KujDHhq6Ylk0T+x7OICppEE5WrKsKSJrtuu4PNDMv+jAG+wb0,3.698268,5.259061,9.165545,0,2591700,22.59272,Interactive,1,1.75
333900,aBesI3vPItgV9K8KujDHhq6Ylk0T+x7OICppEE5WrKsKSJrtuu4PNDMv+jAG+wb0,3.761047,5.497876,9.391209,0,2591700,22.59272,Interactive,1,1.75
334200,aBesI3vPItgV9K8KujDHhq6Ylk0T+x7OICppEE5WrKsKSJrtuu4PNDMv+jAG+wb0,3.541526,5.002056,8.906260000000001,0,2591700,22.59272,Interactive,1,1.75
334500,aBesI3vPItgV9K8KujDHhq6Ylk0T+x7OICppEE5WrKsKSJrtuu4PNDMv+jAG+wb0,3.758932,5.263037000000001,9.356609,0,2591700,22.59272,Interactive,1,1.75
334800,aBesI3vPItgV9K8KujDHhq6Ylk0T+x7OICppEE5WrKsKSJrtuu4PNDMv+jAG+wb0,3.006806,5.073679,9.471793,0,2591700,22.59272,Interactive,1,1.75
335100,aBesI3vPItgV9K8KujDHhq6Ylk0T+x7OICppEE5WrKsKSJrtuu4PNDMv+jAG+wb0,3.927127,5.141453,9.13371,0,2591700,22.59272,Interactive,1,1.75
335400,aBesI3vPItgV9K8KujDHhq6Ylk0T+x7OICppEE5WrKsKSJrtuu4PNDMv+jAG+wb0,3.647058,5.349058,9.561826,0,2591700,22.59272,Interactive,1,1.75
335700,aBesI3vPItgV9K8KujDHhq6Ylk0T+x7OICppEE5WrKsKSJrtuu4PNDMv+jAG+wb0,3.712186,5.238271,9.352865,0,2591700,22.59272,Interactive,1,1.75
336000,aBesI3vPItgV9K8KujDHhq6Ylk0T+x7OICppEE5WrKsKSJrtuu4PNDMv+jAG+wb0,3.907953,7.206017,25.599834,0,2591700,22.59272,Interactive,1,1.75
336300,aBesI3vPItgV9K8KujDHhq6Ylk0T+x7OICppEE5WrKsKSJrtuu4PNDMv+jAG+wb0,3.741957,5.328666,9.188066,0,2591700,22.59272,Interactive,1,1.75
336600,aBesI3vPItgV9K8KujDHhq6Ylk0T+x7OICppEE5WrKsKSJrtuu4PNDMv+jAG+wb0,3.70817,5.285188,9.29832,0,2591700,22.59272,Interactive,1,1.75
336900,aBesI3vPItgV9K8KujDHhq6Ylk0T+x7OICppEE5WrKsKSJrtuu4PNDMv+jAG+wb0,3.188666,5.174229,10.109423,0,2591700,22.59272,Interactive,1,1.75
337200,aBesI3vPItgV9K8KujDHhq6Ylk0T+x7OICppEE5WrKsKSJrtuu4PNDMv+jAG+wb0,3.813549,5.281572,9.248369,0,2591700,22.59272,Interactive,1,1.75
337500,aBesI3vPItgV9K8KujDHhq6Ylk0T+x7OICppEE5WrKsKSJrtuu4PNDMv+jAG+wb0,3.55608,4.99865,9.385973,0,2591700,22.59272,Interactive,1,1.75
337800,aBesI3vPItgV9K8KujDHhq6Ylk0T+x7OICppEE5WrKsKSJrtuu4PNDMv+jAG+wb0,4.006563,5.333693,10.671989,0,2591700,22.59272,Interactive,1,1.75
338100,aBesI3vPItgV9K8KujDHhq6Ylk0T+x7OICppEE5WrKsKSJrtuu4PNDMv+jAG+wb0,3.661235,5.178839,9.605187,0,2591700,22.59272,Interactive,1,1.75
338400,aBesI3vPItgV9K8KujDHhq6Ylk0T+x7OICppEE5WrKsKSJrtuu4PNDMv+jAG+wb0,3.797149,5.186816,9.394051,0,2591700,22.59272,Interactive,1,1.75
338700,aBesI3vPItgV9K8KujDHhq6Ylk0T+x7OICppEE5WrKsKSJrtuu4PNDMv+jAG+wb0,2.961949,5.086439,10.582559,0,2591700,22.59272,Interactive,1,1.75
339000,aBesI3vPItgV9K8KujDHhq6Ylk0T+x7OICppEE5WrKsKSJrtuu4PNDMv+jAG+wb0,4.075951,5.429179,9.879353,0,2591700,22.59272,Interactive,1,1.75
339300,aBesI3vPItgV9K8KujDHhq6Ylk0T+x7OICppEE5WrKsKSJrtuu4PNDMv+jAG+wb0,3.786567,5.791172,10.969351,0,2591700,22.59272,Interactive,1,1.75
339600,aBesI3vPItgV9K8KujDHhq6Ylk0T+x7OICppEE5WrKsKSJrtuu4PNDMv+jAG+wb0,3.447427,7.33995,18.809961,0,2591700,22.59272,Interactive,1,1.75
339900,aBesI3vPItgV9K8KujDHhq6Ylk0T+x7OICppEE5WrKsKSJrtuu4PNDMv+jAG+wb0,3.929169,5.311044,9.313248,0,2591700,22.59272,Interactive,1,1.75
340200,aBesI3vPItgV9K8KujDHhq6Ylk0T+x7OICppEE5WrKsKSJrtuu4PNDMv+jAG+wb0,3.3362300000000005,5.1428910000000005,9.39282,0,2591700,22.59272,Interactive,1,1.75
340500,aBesI3vPItgV9K8KujDHhq6Ylk0T+x7OICppEE5WrKsKSJrtuu4PNDMv+jAG+wb0,4.071465,5.316275,10.328663,0,2591700,22.59272,Interactive,1,1.75
340800,aBesI3vPItgV9K8KujDHhq6Ylk0T+x7OICppEE5WrKsKSJrtuu4PNDMv+jAG+wb0,3.874829,5.318154,9.844694,0,2591700,22.59272,Interactive,1,1.75
341100,aBesI3vPItgV9K8KujDHhq6Ylk0T+x7OICppEE5WrKsKSJrtuu4PNDMv+jAG+wb0,3.709547,5.124782,9.555579,0,2591700,22.59272,Interactive,1,1.75
341400,aBesI3vPItgV9K8KujDHhq6Ylk0T+x7OICppEE5WrKsKSJrtuu4PNDMv+jAG+wb0,4.031951,5.209534,10.239433,0,2591700,22.59272,Interactive,1,1.75
341700,aBesI3vPItgV9K8KujDHhq6Ylk0T+x7OICppEE5WrKsKSJrtuu4PNDMv+jAG+wb0,3.972473,5.445388,9.920224,0,2591700,22.59272,Interactive,1,1.75
342000,aBesI3vPItgV9K8KujDHhq6Ylk0T+x7OICppEE5WrKsKSJrtuu4PNDMv+jAG+wb0,3.920922,5.387807,9.528083,0,2591700,22.59272,Interactive,1,1.75
342300,aBesI3vPItgV9K8KujDHhq6Ylk0T+x7OICppEE5WrKsKSJrtuu4PNDMv+jAG+wb0,3.024152,5.180317,10.173553,0,2591700,22.59272,Interactive,1,1.75
342600,aBesI3vPItgV9K8KujDHhq6Ylk0T+x7OICppEE5WrKsKSJrtuu4PNDMv+jAG+wb0,3.992315,5.570707,10.654121,0,2591700,22.59272,Interactive,1,1.75
342900,aBesI3vPItgV9K8KujDHhq6Ylk0T+x7OICppEE5WrKsKSJrtuu4PNDMv+jAG+wb0,3.096978,5.035537000000001,9.530669,0,2591700,22.59272,Interactive,1,1.75
343200,aBesI3vPItgV9K8KujDHhq6Ylk0T+x7OICppEE5WrKsKSJrtuu4PNDMv+jAG+wb0,3.97558,7.419653,25.947728,0,2591700,22.59272,Interactive,1,1.75
343500,aBesI3vPItgV9K8KujDHhq6Ylk0T+x7OICppEE5WrKsKSJrtuu4PNDMv+jAG+wb0,3.357277,5.372789,9.682155,0,2591700,22.59272,Interactive,1,1.75
343800,aBesI3vPItgV9K8KujDHhq6Ylk0T+x7OICppEE5WrKsKSJrtuu4PNDMv+jAG+wb0,3.900064,5.1910050000000005,9.438996,0,2591700,22.59272,Interactive,1,1.75
344100,aBesI3vPItgV9K8KujDHhq6Ylk0T+x7OICppEE5WrKsKSJrtuu4PNDMv+jAG+wb0,3.646228,5.038426,9.802997,0,2591700,22.59272,Interactive,1,1.75
344400,aBesI3vPItgV9K8KujDHhq6Ylk0T+x7OICppEE5WrKsKSJrtuu4PNDMv+jAG+wb0,3.872136,5.321843,9.349086,0,2591700,22.59272,Interactive,1,1.75
344700,aBesI3vPItgV9K8KujDHhq6Ylk0T+x7OICppEE5WrKsKSJrtuu4PNDMv+jAG+wb0,3.773239,5.525858,9.489586,0,2591700,22.59272,Interactive,1,1.75
345000,aBesI3vPItgV9K8KujDHhq6Ylk0T+x7OICppEE5WrKsKSJrtuu4PNDMv+jAG+wb0,3.244518,5.187412,9.237259,0,2591700,22.59272,Interactive,1,1.75
345300,aBesI3vPItgV9K8KujDHhq6Ylk0T+x7OICppEE5WrKsKSJrtuu4PNDMv+jAG+wb0,3.757379,5.235727,9.387946,0,2591700,22.59272,Interactive,1,1.75
345600,aBesI3vPItgV9K8KujDHhq6Ylk0T+x7OICppEE5WrKsKSJrtuu4PNDMv+jAG+wb0,3.3454,5.032905,9.456971,0,2591700,22.59272,Interactive,1,1.75
345900,aBesI3vPItgV9K8KujDHhq6Ylk0T+x7OICppEE5WrKsKSJrtuu4PNDMv+jAG+wb0,3.944782,5.33605,9.003430999999999,0,2591700,22.59272,Interactive,1,1.75
346200,aBesI3vPItgV9K8KujDHhq6Ylk0T+x7OICppEE5WrKsKSJrtuu4PNDMv+jAG+wb0,3.051412,5.140187,9.764529,0,2591700,22.59272,Interactive,1,1.75
346500,aBesI3vPItgV9K8KujDHhq6Ylk0T+x7OICppEE5WrKsKSJrtuu4PNDMv+jAG+wb0,3.863543,5.211414,9.519999,0,2591700,22.59272,Interactive,1,1.75
346800,aBesI3vPItgV9K8KujDHhq6Ylk0T+x7OICppEE5WrKsKSJrtuu4PNDMv+jAG+wb0,3.865275,14.811728,39.28559,0,2591700,22.59272,Interactive,1,1.75
347100,aBesI3vPItgV9K8KujDHhq6Ylk0T+x7OICppEE5WrKsKSJrtuu4PNDMv+jAG+wb0,3.983308,5.441459,9.456581,0,2591700,22.59272,Interactive,1,1.75
347400,aBesI3vPItgV9K8KujDHhq6Ylk0T+x7OICppEE5WrKsKSJrtuu4PNDMv+jAG+wb0,4.044476,5.419692,9.528988,0,2591700,22.59272,Interactive,1,1.75
347700,aBesI3vPItgV9K8KujDHhq6Ylk0T+x7OICppEE5WrKsKSJrtuu4PNDMv+jAG+wb0,3.3008660000000005,5.216952,8.963242,0,2591700,22.59272,Interactive,1,1.75
348000,aBesI3vPItgV9K8KujDHhq6Ylk0T+x7OICppEE5WrKsKSJrtuu4PNDMv+jAG+wb0,3.875427,5.253345,9.618761,0,2591700,22.59272,Interactive,1,1.75
348300,aBesI3vPItgV9K8KujDHhq6Ylk0T+x7OICppEE5WrKsKSJrtuu4PNDMv+jAG+wb0,2.714898,4.896213,9.56801,0,2591700,22.59272,Interactive,1,1.75
348600,aBesI3vPItgV9K8KujDHhq6Ylk0T+x7OICppEE5WrKsKSJrtuu4PNDMv+jAG+wb0,3.899866,5.310255000000001,9.396472,0,2591700,22.59272,Interactive,1,1.75
348900,aBesI3vPItgV9K8KujDHhq6Ylk0T+x7OICppEE5WrKsKSJrtuu4PNDMv+jAG+wb0,3.147254,5.154156,9.779744,0,2591700,22.59272,Interactive,1,1.75
349200,aBesI3vPItgV9K8KujDHhq6Ylk0T+x7OICppEE5WrKsKSJrtuu4PNDMv+jAG+wb0,4.092745,5.170493,9.715426,0,2591700,22.59272,Interactive,1,1.75
349500,aBesI3vPItgV9K8KujDHhq6Ylk0T+x7OICppEE5WrKsKSJrtuu4PNDMv+jAG+wb0,3.815764,5.153233,8.919422,0,2591700,22.59272,Interactive,1,1.75
349800,aBesI3vPItgV9K8KujDHhq6Ylk0T+x7OICppEE5WrKsKSJrtuu4PNDMv+jAG+wb0,3.764433,5.466538,10.203197,0,2591700,22.59272,Interactive,1,1.75
350100,aBesI3vPItgV9K8KujDHhq6Ylk0T+x7OICppEE5WrKsKSJrtuu4PNDMv+jAG+wb0,3.887713,5.36033,9.395572,0,2591700,22.59272,Interactive,1,1.75
350400,aBesI3vPItgV9K8KujDHhq6Ylk0T+x7OICppEE5WrKsKSJrtuu4PNDMv+jAG+wb0,3.348563,7.24678,22.557397,0,2591700,22.59272,Interactive,1,1.75
350700,aBesI3vPItgV9K8KujDHhq6Ylk0T+x7OICppEE5WrKsKSJrtuu4PNDMv+jAG+wb0,3.879271,5.292688,9.192044,0,2591700,22.59272,Interactive,1,1.75
351000,aBesI3vPItgV9K8KujDHhq6Ylk0T+x7OICppEE5WrKsKSJrtuu4PNDMv+jAG+wb0,3.910992,5.277644,9.537682,0,2591700,22.59272,Interactive,1,1.75
351300,aBesI3vPItgV9K8KujDHhq6Ylk0T+x7OICppEE5WrKsKSJrtuu4PNDMv+jAG+wb0,4.2652730000000005,5.588123,8.99907,0,2591700,22.59272,Interactive,1,1.75
351600,aBesI3vPItgV9K8KujDHhq6Ylk0T+x7OICppEE5WrKsKSJrtuu4PNDMv+jAG+wb0,2.845652,5.194262999999999,10.143022,0,2591700,22.59272,Interactive,1,1.75
351900,aBesI3vPItgV9K8KujDHhq6Ylk0T+x7OICppEE5WrKsKSJrtuu4PNDMv+jAG+wb0,3.844411,5.18885,9.59582,0,2591700,22.59272,Interactive,1,1.75
352200,aBesI3vPItgV9K8KujDHhq6Ylk0T+x7OICppEE5WrKsKSJrtuu4PNDMv+jAG+wb0,2.421952,5.038032,9.414042,0,2591700,22.59272,Interactive,1,1.75
352500,aBesI3vPItgV9K8KujDHhq6Ylk0T+x7OICppEE5WrKsKSJrtuu4PNDMv+jAG+wb0,3.90907,5.282939,9.158452,0,2591700,22.59272,Interactive,1,1.75
352800,aBesI3vPItgV9K8KujDHhq6Ylk0T+x7OICppEE5WrKsKSJrtuu4PNDMv+jAG+wb0,3.072325,4.970067,9.691844,0,2591700,22.59272,Interactive,1,1.75
353100,aBesI3vPItgV9K8KujDHhq6Ylk0T+x7OICppEE5WrKsKSJrtuu4PNDMv+jAG+wb0,3.068099,5.147624,8.997122000000001,0,2591700,22.59272,Interactive,1,1.75
353400,aBesI3vPItgV9K8KujDHhq6Ylk0T+x7OICppEE5WrKsKSJrtuu4PNDMv+jAG+wb0,3.928072,5.16217,9.496546,0,2591700,22.59272,Interactive,1,1.75
353700,aBesI3vPItgV9K8KujDHhq6Ylk0T+x7OICppEE5WrKsKSJrtuu4PNDMv+jAG+wb0,3.091601,5.092662000000001,10.640608,0,2591700,22.59272,Interactive,1,1.75
354000,aBesI3vPItgV9K8KujDHhq6Ylk0T+x7OICppEE5WrKsKSJrtuu4PNDMv+jAG+wb0,4.10953,7.439131,27.233082,0,2591700,22.59272,Interactive,1,1.75
354300,aBesI3vPItgV9K8KujDHhq6Ylk0T+x7OICppEE5WrKsKSJrtuu4PNDMv+jAG+wb0,3.864193,5.157154,9.836624,0,2591700,22.59272,Interactive,1,1.75
354600,aBesI3vPItgV9K8KujDHhq6Ylk0T+x7OICppEE5WrKsKSJrtuu4PNDMv+jAG+wb0,3.998464,5.392784,11.406917,0,2591700,22.59272,Interactive,1,1.75
354900,aBesI3vPItgV9K8KujDHhq6Ylk0T+x7OICppEE5WrKsKSJrtuu4PNDMv+jAG+wb0,3.564455,5.202194,8.995915,0,2591700,22.59272,Interactive,1,1.75
355200,aBesI3vPItgV9K8KujDHhq6Ylk0T+x7OICppEE5WrKsKSJrtuu4PNDMv+jAG+wb0,3.97884,5.193213,9.517408,0,2591700,22.59272,Interactive,1,1.75
355500,aBesI3vPItgV9K8KujDHhq6Ylk0T+x7OICppEE5WrKsKSJrtuu4PNDMv+jAG+wb0,2.903438,5.104956,10.724948,0,2591700,22.59272,Interactive,1,1.75
355800,aBesI3vPItgV9K8KujDHhq6Ylk0T+x7OICppEE5WrKsKSJrtuu4PNDMv+jAG+wb0,2.788942,5.1173,9.198557,0,2591700,22.59272,Interactive,1,1.75
356100,aBesI3vPItgV9K8KujDHhq6Ylk0T+x7OICppEE5WrKsKSJrtuu4PNDMv+jAG+wb0,3.996567,5.169798,9.373915,0,2591700,22.59272,Interactive,1,1.75
356400,aBesI3vPItgV9K8KujDHhq6Ylk0T+x7OICppEE5WrKsKSJrtuu4PNDMv+jAG+wb0,3.964277,5.324083,10.929006,0,2591700,22.59272,Interactive,1,1.75
356700,aBesI3vPItgV9K8KujDHhq6Ylk0T+x7OICppEE5WrKsKSJrtuu4PNDMv+jAG+wb0,3.934603,5.340005000000001,8.929364,0,2591700,22.59272,Interactive,1,1.75
357000,aBesI3vPItgV9K8KujDHhq6Ylk0T+x7OICppEE5WrKsKSJrtuu4PNDMv+jAG+wb0,3.448716000000001,4.797075,6.2728410000000006,0,2591700,22.59272,Interactive,1,1.75
357300,aBesI3vPItgV9K8KujDHhq6Ylk0T+x7OICppEE5WrKsKSJrtuu4PNDMv+jAG+wb0,3.933371,5.336274,10.813149,0,2591700,22.59272,Interactive,1,1.75
357600,aBesI3vPItgV9K8KujDHhq6Ylk0T+x7OICppEE5WrKsKSJrtuu4PNDMv+jAG+wb0,3.37897,7.255867999999999,26.170745,0,2591700,22.59272,Interactive,1,1.75
357900,aBesI3vPItgV9K8KujDHhq6Ylk0T+x7OICppEE5WrKsKSJrtuu4PNDMv+jAG+wb0,3.902033,5.316816,9.309164,0,2591700,22.59272,Interactive,1,1.75
358200,aBesI3vPItgV9K8KujDHhq6Ylk0T+x7OICppEE5WrKsKSJrtuu4PNDMv+jAG+wb0,3.941507,5.471141,10.809542,0,2591700,22.59272,Interactive,1,1.75
358500,aBesI3vPItgV9K8KujDHhq6Ylk0T+x7OICppEE5WrKsKSJrtuu4PNDMv+jAG+wb0,4.119293,5.279315,8.97725,0,2591700,22.59272,Interactive,1,1.75
358800,aBesI3vPItgV9K8KujDHhq6Ylk0T+x7OICppEE5WrKsKSJrtuu4PNDMv+jAG+wb0,3.197616,5.093922,9.542571,0,2591700,22.59272,Interactive,1,1.75
359100,aBesI3vPItgV9K8KujDHhq6Ylk0T+x7OICppEE5WrKsKSJrtuu4PNDMv+jAG+wb0,3.800451,5.28396,10.541434,0,2591700,22.59272,Interactive,1,1.75
359400,aBesI3vPItgV9K8KujDHhq6Ylk0T+x7OICppEE5WrKsKSJrtuu4PNDMv+jAG+wb0,4.187134,5.819403,11.593019,0,2591700,22.59272,Interactive,1,1.75
359700,aBesI3vPItgV9K8KujDHhq6Ylk0T+x7OICppEE5WrKsKSJrtuu4PNDMv+jAG+wb0,3.680074,4.627316,6.229947,0,2591700,22.59272,Interactive,1,1.75
360000,aBesI3vPItgV9K8KujDHhq6Ylk0T+x7OICppEE5WrKsKSJrtuu4PNDMv+jAG+wb0,4.012473,5.366333,11.023815,0,2591700,22.59272,Interactive,1,1.75
360300,aBesI3vPItgV9K8KujDHhq6Ylk0T+x7OICppEE5WrKsKSJrtuu4PNDMv+jAG+wb0,3.743514,5.241921,9.117453,0,2591700,22.59272,Interactive,1,1.75
360600,aBesI3vPItgV9K8KujDHhq6Ylk0T+x7OICppEE5WrKsKSJrtuu4PNDMv+jAG+wb0,3.892709,5.50576,9.397947,0,2591700,22.59272,Interactive,1,1.75
360900,aBesI3vPItgV9K8KujDHhq6Ylk0T+x7OICppEE5WrKsKSJrtuu4PNDMv+jAG+wb0,3.936257,5.98677,11.41344,0,2591700,22.59272,Interactive,1,1.75
361200,aBesI3vPItgV9K8KujDHhq6Ylk0T+x7OICppEE5WrKsKSJrtuu4PNDMv+jAG+wb0,4.139067,7.471239999999999,26.306089,0,2591700,22.59272,Interactive,1,1.75
361500,aBesI3vPItgV9K8KujDHhq6Ylk0T+x7OICppEE5WrKsKSJrtuu4PNDMv+jAG+wb0,3.730961,5.254166000000001,9.320613,0,2591700,22.59272,Interactive,1,1.75
361800,aBesI3vPItgV9K8KujDHhq6Ylk0T+x7OICppEE5WrKsKSJrtuu4PNDMv+jAG+wb0,3.182839,5.335264,10.105527,0,2591700,22.59272,Interactive,1,1.75
362100,aBesI3vPItgV9K8KujDHhq6Ylk0T+x7OICppEE5WrKsKSJrtuu4PNDMv+jAG+wb0,3.69992,5.332529,9.162781,0,2591700,22.59272,Interactive,1,1.75
362400,aBesI3vPItgV9K8KujDHhq6Ylk0T+x7OICppEE5WrKsKSJrtuu4PNDMv+jAG+wb0,4.026718,4.680285,6.138824,0,2591700,22.59272,Interactive,1,1.75
362700,aBesI3vPItgV9K8KujDHhq6Ylk0T+x7OICppEE5WrKsKSJrtuu4PNDMv+jAG+wb0,3.801714,5.286651999999999,9.525931,0,2591700,22.59272,Interactive,1,1.75
363000,aBesI3vPItgV9K8KujDHhq6Ylk0T+x7OICppEE5WrKsKSJrtuu4PNDMv+jAG+wb0,3.756254,6.088336,11.965076,0,2591700,22.59272,Interactive,1,1.75
363300,aBesI3vPItgV9K8KujDHhq6Ylk0T+x7OICppEE5WrKsKSJrtuu4PNDMv+jAG+wb0,3.775203,5.205108,9.440929,0,2591700,22.59272,Interactive,1,1.75
363600,aBesI3vPItgV9K8KujDHhq6Ylk0T+x7OICppEE5WrKsKSJrtuu4PNDMv+jAG+wb0,3.935572,5.410842,9.64447,0,2591700,22.59272,Interactive,1,1.75
363900,aBesI3vPItgV9K8KujDHhq6Ylk0T+x7OICppEE5WrKsKSJrtuu4PNDMv+jAG+wb0,3.752708,5.319089,9.100122,0,2591700,22.59272,Interactive,1,1.75
364200,aBesI3vPItgV9K8KujDHhq6Ylk0T+x7OICppEE5WrKsKSJrtuu4PNDMv+jAG+wb0,3.682434,5.345859,9.517645,0,2591700,22.59272,Interactive,1,1.75
364500,aBesI3vPItgV9K8KujDHhq6Ylk0T+x7OICppEE5WrKsKSJrtuu4PNDMv+jAG+wb0,2.884085,5.344674,9.43222,0,2591700,22.59272,Interactive,1,1.75
364800,aBesI3vPItgV9K8KujDHhq6Ylk0T+x7OICppEE5WrKsKSJrtuu4PNDMv+jAG+wb0,3.870148,7.475535000000001,27.391421,0,2591700,22.59272,Interactive,1,1.75
365100,aBesI3vPItgV9K8KujDHhq6Ylk0T+x7OICppEE5WrKsKSJrtuu4PNDMv+jAG+wb0,3.881292,4.752541000000001,6.289292,0,2591700,22.59272,Interactive,1,1.75
365400,aBesI3vPItgV9K8KujDHhq6Ylk0T+x7OICppEE5WrKsKSJrtuu4PNDMv+jAG+wb0,3.915697,5.343508,9.601631,0,2591700,22.59272,Interactive,1,1.75
365700,aBesI3vPItgV9K8KujDHhq6Ylk0T+x7OICppEE5WrKsKSJrtuu4PNDMv+jAG+wb0,3.841961,5.238482,8.97715,0,2591700,22.59272,Interactive,1,1.75
366000,aBesI3vPItgV9K8KujDHhq6Ylk0T+x7OICppEE5WrKsKSJrtuu4PNDMv+jAG+wb0,3.849,5.24944,9.562721,0,2591700,22.59272,Interactive,1,1.75
366300,aBesI3vPItgV9K8KujDHhq6Ylk0T+x7OICppEE5WrKsKSJrtuu4PNDMv+jAG+wb0,3.668847,5.603194,9.468361,0,2591700,22.59272,Interactive,1,1.75
366600,aBesI3vPItgV9K8KujDHhq6Ylk0T+x7OICppEE5WrKsKSJrtuu4PNDMv+jAG+wb0,3.944565,5.318579,9.325411,0,2591700,22.59272,Interactive,1,1.75
366900,aBesI3vPItgV9K8KujDHhq6Ylk0T+x7OICppEE5WrKsKSJrtuu4PNDMv+jAG+wb0,3.657735,5.231188,9.617997,0,2591700,22.59272,Interactive,1,1.75
367200,aBesI3vPItgV9K8KujDHhq6Ylk0T+x7OICppEE5WrKsKSJrtuu4PNDMv+jAG+wb0,4.042441,5.252527,9.798025,0,2591700,22.59272,Interactive,1,1.75
367500,aBesI3vPItgV9K8KujDHhq6Ylk0T+x7OICppEE5WrKsKSJrtuu4PNDMv+jAG+wb0,3.962494,5.723443,10.258576,0,2591700,22.59272,Interactive,1,1.75
367800,aBesI3vPItgV9K8KujDHhq6Ylk0T+x7OICppEE5WrKsKSJrtuu4PNDMv+jAG+wb0,3.905786,10.444617,54.623243,0,2591700,22.59272,Interactive,1,1.75
368100,aBesI3vPItgV9K8KujDHhq6Ylk0T+x7OICppEE5WrKsKSJrtuu4PNDMv+jAG+wb0,3.734226,5.345946,9.499118,0,2591700,22.59272,Interactive,1,1.75
368400,aBesI3vPItgV9K8KujDHhq6Ylk0T+x7OICppEE5WrKsKSJrtuu4PNDMv+jAG+wb0,4.043253,6.431826,16.788806,0,2591700,22.59272,Interactive,1,1.75
368700,aBesI3vPItgV9K8KujDHhq6Ylk0T+x7OICppEE5WrKsKSJrtuu4PNDMv+jAG+wb0,3.987087,5.842183,10.501778,0,2591700,22.59272,Interactive,1,1.75
369000,aBesI3vPItgV9K8KujDHhq6Ylk0T+x7OICppEE5WrKsKSJrtuu4PNDMv+jAG+wb0,4.144514,5.654489,9.807959,0,2591700,22.59272,Interactive,1,1.75
369300,aBesI3vPItgV9K8KujDHhq6Ylk0T+x7OICppEE5WrKsKSJrtuu4PNDMv+jAG+wb0,3.904211,5.540349,9.233048,0,2591700,22.59272,Interactive,1,1.75
369600,aBesI3vPItgV9K8KujDHhq6Ylk0T+x7OICppEE5WrKsKSJrtuu4PNDMv+jAG+wb0,4.072501,5.486719,9.783656,0,2591700,22.59272,Interactive,1,1.75
369900,aBesI3vPItgV9K8KujDHhq6Ylk0T+x7OICppEE5WrKsKSJrtuu4PNDMv+jAG+wb0,3.597214,5.290744,9.491741,0,2591700,22.59272,Interactive,1,1.75
370200,aBesI3vPItgV9K8KujDHhq6Ylk0T+x7OICppEE5WrKsKSJrtuu4PNDMv+jAG+wb0,4.050241000000001,5.343909,9.444386,0,2591700,22.59272,Interactive,1,1.75
370500,aBesI3vPItgV9K8KujDHhq6Ylk0T+x7OICppEE5WrKsKSJrtuu4PNDMv+jAG+wb0,3.4914400000000003,4.593298,6.075453,0,2591700,22.59272,Interactive,1,1.75
370800,aBesI3vPItgV9K8KujDHhq6Ylk0T+x7OICppEE5WrKsKSJrtuu4PNDMv+jAG+wb0,4.173276,5.284937,9.705354,0,2591700,22.59272,Interactive,1,1.75
371100,aBesI3vPItgV9K8KujDHhq6Ylk0T+x7OICppEE5WrKsKSJrtuu4PNDMv+jAG+wb0,3.723486,5.47564,9.245867,0,2591700,22.59272,Interactive,1,1.75
371400,aBesI3vPItgV9K8KujDHhq6Ylk0T+x7OICppEE5WrKsKSJrtuu4PNDMv+jAG+wb0,4.026646,5.294031,11.111953,0,2591700,22.59272,Interactive,1,1.75
371700,aBesI3vPItgV9K8KujDHhq6Ylk0T+x7OICppEE5WrKsKSJrtuu4PNDMv+jAG+wb0,4.131403,5.809434,9.467729,0,2591700,22.59272,Interactive,1,1.75
372000,aBesI3vPItgV9K8KujDHhq6Ylk0T+x7OICppEE5WrKsKSJrtuu4PNDMv+jAG+wb0,3.876674,7.326135000000001,26.735484000000003,0,2591700,22.59272,Interactive,1,1.75
372300,aBesI3vPItgV9K8KujDHhq6Ylk0T+x7OICppEE5WrKsKSJrtuu4PNDMv+jAG+wb0,3.074249,5.133611,10.884163,0,2591700,22.59272,Interactive,1,1.75
372600,aBesI3vPItgV9K8KujDHhq6Ylk0T+x7OICppEE5WrKsKSJrtuu4PNDMv+jAG+wb0,3.111829,5.111349,10.054955,0,2591700,22.59272,Interactive,1,1.75
372900,aBesI3vPItgV9K8KujDHhq6Ylk0T+x7OICppEE5WrKsKSJrtuu4PNDMv+jAG+wb0,3.687977,5.197488,9.411637,0,2591700,22.59272,Interactive,1,1.75
373200,aBesI3vPItgV9K8KujDHhq6Ylk0T+x7OICppEE5WrKsKSJrtuu4PNDMv+jAG+wb0,3.916494,4.794167,5.869181,0,2591700,22.59272,Interactive,1,1.75
373500,aBesI3vPItgV9K8KujDHhq6Ylk0T+x7OICppEE5WrKsKSJrtuu4PNDMv+jAG+wb0,4.247302,5.332626,9.82973,0,2591700,22.59272,Interactive,1,1.75
373800,aBesI3vPItgV9K8KujDHhq6Ylk0T+x7OICppEE5WrKsKSJrtuu4PNDMv+jAG+wb0,3.157675,11.40972,67.062485,0,2591700,22.59272,Interactive,1,1.75
374100,aBesI3vPItgV9K8KujDHhq6Ylk0T+x7OICppEE5WrKsKSJrtuu4PNDMv+jAG+wb0,3.790459,5.840266000000001,12.010877,0,2591700,22.59272,Interactive,1,1.75
374400,aBesI3vPItgV9K8KujDHhq6Ylk0T+x7OICppEE5WrKsKSJrtuu4PNDMv+jAG+wb0,3.9812,5.864602,9.972936,0,2591700,22.59272,Interactive,1,1.75
374700,aBesI3vPItgV9K8KujDHhq6Ylk0T+x7OICppEE5WrKsKSJrtuu4PNDMv+jAG+wb0,3.792548000000001,5.749769000000001,9.445509,0,2591700,22.59272,Interactive,1,1.75
375000,aBesI3vPItgV9K8KujDHhq6Ylk0T+x7OICppEE5WrKsKSJrtuu4PNDMv+jAG+wb0,3.805541,5.247428,11.014734,0,2591700,22.59272,Interactive,1,1.75
375300,aBesI3vPItgV9K8KujDHhq6Ylk0T+x7OICppEE5WrKsKSJrtuu4PNDMv+jAG+wb0,3.157032,5.514515,9.818907,0,2591700,22.59272,Interactive,1,1.75
375600,aBesI3vPItgV9K8KujDHhq6Ylk0T+x7OICppEE5WrKsKSJrtuu4PNDMv+jAG+wb0,4.092007,14.064642,39.067551,0,2591700,22.59272,Interactive,1,1.75
375900,aBesI3vPItgV9K8KujDHhq6Ylk0T+x7OICppEE5WrKsKSJrtuu4PNDMv+jAG+wb0,3.681913,5.014303,5.8382190000000005,0,2591700,22.59272,Interactive,1,1.75
376200,aBesI3vPItgV9K8KujDHhq6Ylk0T+x7OICppEE5WrKsKSJrtuu4PNDMv+jAG+wb0,3.96706,5.363986,10.151237,0,2591700,22.59272,Interactive,1,1.75
376500,aBesI3vPItgV9K8KujDHhq6Ylk0T+x7OICppEE5WrKsKSJrtuu4PNDMv+jAG+wb0,3.650959,5.212925,9.309103,0,2591700,22.59272,Interactive,1,1.75
376800,aBesI3vPItgV9K8KujDHhq6Ylk0T+x7OICppEE5WrKsKSJrtuu4PNDMv+jAG+wb0,4.005319,5.330113,11.056646,0,2591700,22.59272,Interactive,1,1.75
377100,aBesI3vPItgV9K8KujDHhq6Ylk0T+x7OICppEE5WrKsKSJrtuu4PNDMv+jAG+wb0,4.004476,5.794074,11.727155,0,2591700,22.59272,Interactive,1,1.75
377400,aBesI3vPItgV9K8KujDHhq6Ylk0T+x7OICppEE5WrKsKSJrtuu4PNDMv+jAG+wb0,3.712944,5.630593,9.572057,0,2591700,22.59272,Interactive,1,1.75
377700,aBesI3vPItgV9K8KujDHhq6Ylk0T+x7OICppEE5WrKsKSJrtuu4PNDMv+jAG+wb0,3.646046,5.395788,10.784479,0,2591700,22.59272,Interactive,1,1.75
378000,aBesI3vPItgV9K8KujDHhq6Ylk0T+x7OICppEE5WrKsKSJrtuu4PNDMv+jAG+wb0,3.984416,5.496247,10.136016,0,2591700,22.59272,Interactive,1,1.75
378300,aBesI3vPItgV9K8KujDHhq6Ylk0T+x7OICppEE5WrKsKSJrtuu4PNDMv+jAG+wb0,3.711327,5.156569,9.392436,0,2591700,22.59272,Interactive,1,1.75
378600,aBesI3vPItgV9K8KujDHhq6Ylk0T+x7OICppEE5WrKsKSJrtuu4PNDMv+jAG+wb0,3.713212,5.01327,8.509615,0,2591700,22.59272,Interactive,1,1.75
378900,aBesI3vPItgV9K8KujDHhq6Ylk0T+x7OICppEE5WrKsKSJrtuu4PNDMv+jAG+wb0,4.152874,5.505344,9.790381,0,2591700,22.59272,Interactive,1,1.75
379200,aBesI3vPItgV9K8KujDHhq6Ylk0T+x7OICppEE5WrKsKSJrtuu4PNDMv+jAG+wb0,3.909348000000001,11.566454,47.3089,0,2591700,22.59272,Interactive,1,1.75
379500,aBesI3vPItgV9K8KujDHhq6Ylk0T+x7OICppEE5WrKsKSJrtuu4PNDMv+jAG+wb0,3.736580000000001,5.448512,10.101834,0,2591700,22.59272,Interactive,1,1.75
379800,aBesI3vPItgV9K8KujDHhq6Ylk0T+x7OICppEE5WrKsKSJrtuu4PNDMv+jAG+wb0,3.820796,5.787463,11.56664,0,2591700,22.59272,Interactive,1,1.75
380100,aBesI3vPItgV9K8KujDHhq6Ylk0T+x7OICppEE5WrKsKSJrtuu4PNDMv+jAG+wb0,3.68323,5.200688,9.34256,0,2591700,22.59272,Interactive,1,1.75
380400,aBesI3vPItgV9K8KujDHhq6Ylk0T+x7OICppEE5WrKsKSJrtuu4PNDMv+jAG+wb0,3.778614,5.34627,9.824054,0,2591700,22.59272,Interactive,1,1.75
380700,aBesI3vPItgV9K8KujDHhq6Ylk0T+x7OICppEE5WrKsKSJrtuu4PNDMv+jAG+wb0,3.144095,5.20691,9.815114,0,2591700,22.59272,Interactive,1,1.75
381000,aBesI3vPItgV9K8KujDHhq6Ylk0T+x7OICppEE5WrKsKSJrtuu4PNDMv+jAG+wb0,3.695441,5.278341,9.567379,0,2591700,22.59272,Interactive,1,1.75
381300,aBesI3vPItgV9K8KujDHhq6Ylk0T+x7OICppEE5WrKsKSJrtuu4PNDMv+jAG+wb0,3.753353,5.50042,11.137129,0,2591700,22.59272,Interactive,1,1.75
381600,aBesI3vPItgV9K8KujDHhq6Ylk0T+x7OICppEE5WrKsKSJrtuu4PNDMv+jAG+wb0,3.850168,5.881651000000001,10.196344,0,2591700,22.59272,Interactive,1,1.75
381900,aBesI3vPItgV9K8KujDHhq6Ylk0T+x7OICppEE5WrKsKSJrtuu4PNDMv+jAG+wb0,3.865864,5.463897,9.17053,0,2591700,22.59272,Interactive,1,1.75
382200,aBesI3vPItgV9K8KujDHhq6Ylk0T+x7OICppEE5WrKsKSJrtuu4PNDMv+jAG+wb0,3.787864,6.175309,9.622212,0,2591700,22.59272,Interactive,1,1.75
382500,aBesI3vPItgV9K8KujDHhq6Ylk0T+x7OICppEE5WrKsKSJrtuu4PNDMv+jAG+wb0,3.631991,5.247666000000001,9.422976,0,2591700,22.59272,Interactive,1,1.75
382800,aBesI3vPItgV9K8KujDHhq6Ylk0T+x7OICppEE5WrKsKSJrtuu4PNDMv+jAG+wb0,3.896635,7.423864999999999,28.13742,0,2591700,22.59272,Interactive,1,1.75
383100,aBesI3vPItgV9K8KujDHhq6Ylk0T+x7OICppEE5WrKsKSJrtuu4PNDMv+jAG+wb0,3.785211,5.621224,9.465197,0,2591700,22.59272,Interactive,1,1.75
383400,aBesI3vPItgV9K8KujDHhq6Ylk0T+x7OICppEE5WrKsKSJrtuu4PNDMv+jAG+wb0,4.176214,5.8492,9.692319,0,2591700,22.59272,Interactive,1,1.75
383700,aBesI3vPItgV9K8KujDHhq6Ylk0T+x7OICppEE5WrKsKSJrtuu4PNDMv+jAG+wb0,3.802866,5.197122,8.985375999999999,0,2591700,22.59272,Interactive,1,1.75
384000,aBesI3vPItgV9K8KujDHhq6Ylk0T+x7OICppEE5WrKsKSJrtuu4PNDMv+jAG+wb0,3.337384,4.73377,6.258196,0,2591700,22.59272,Interactive,1,1.75
384300,aBesI3vPItgV9K8KujDHhq6Ylk0T+x7OICppEE5WrKsKSJrtuu4PNDMv+jAG+wb0,3.70362,5.338018,9.65276,0,2591700,22.59272,Interactive,1,1.75
384600,aBesI3vPItgV9K8KujDHhq6Ylk0T+x7OICppEE5WrKsKSJrtuu4PNDMv+jAG+wb0,3.732384,5.476148,9.530502,0,2591700,22.59272,Interactive,1,1.75
384900,aBesI3vPItgV9K8KujDHhq6Ylk0T+x7OICppEE5WrKsKSJrtuu4PNDMv+jAG+wb0,3.800584,5.382264,9.48997,0,2591700,22.59272,Interactive,1,1.75
385200,aBesI3vPItgV9K8KujDHhq6Ylk0T+x7OICppEE5WrKsKSJrtuu4PNDMv+jAG+wb0,3.835673,5.2103,9.796232,0,2591700,22.59272,Interactive,1,1.75
385500,aBesI3vPItgV9K8KujDHhq6Ylk0T+x7OICppEE5WrKsKSJrtuu4PNDMv+jAG+wb0,3.721457,5.85425,9.427823,0,2591700,22.59272,Interactive,1,1.75
385800,aBesI3vPItgV9K8KujDHhq6Ylk0T+x7OICppEE5WrKsKSJrtuu4PNDMv+jAG+wb0,3.386044,6.195168,11.092513,0,2591700,22.59272,Interactive,1,1.75
386100,aBesI3vPItgV9K8KujDHhq6Ylk0T+x7OICppEE5WrKsKSJrtuu4PNDMv+jAG+wb0,3.60959,6.350051000000001,9.47878,0,2591700,22.59272,Interactive,1,1.75
386400,aBesI3vPItgV9K8KujDHhq6Ylk0T+x7OICppEE5WrKsKSJrtuu4PNDMv+jAG+wb0,4.047098,7.41153,26.531676,0,2591700,22.59272,Interactive,1,1.75
386700,aBesI3vPItgV9K8KujDHhq6Ylk0T+x7OICppEE5WrKsKSJrtuu4PNDMv+jAG+wb0,3.769287,4.850123,6.545518,0,2591700,22.59272,Interactive,1,1.75
387000,aBesI3vPItgV9K8KujDHhq6Ylk0T+x7OICppEE5WrKsKSJrtuu4PNDMv+jAG+wb0,3.944826,5.389538,9.919122,0,2591700,22.59272,Interactive,1,1.75
387300,aBesI3vPItgV9K8KujDHhq6Ylk0T+x7OICppEE5WrKsKSJrtuu4PNDMv+jAG+wb0,3.276638,5.12536,9.466812,0,2591700,22.59272,Interactive,1,1.75
387600,aBesI3vPItgV9K8KujDHhq6Ylk0T+x7OICppEE5WrKsKSJrtuu4PNDMv+jAG+wb0,4.011602,11.51305,54.038763,0,2591700,22.59272,Interactive,1,1.75
387900,aBesI3vPItgV9K8KujDHhq6Ylk0T+x7OICppEE5WrKsKSJrtuu4PNDMv+jAG+wb0,4.062588,5.694507,9.740496,0,2591700,22.59272,Interactive,1,1.75
388200,aBesI3vPItgV9K8KujDHhq6Ylk0T+x7OICppEE5WrKsKSJrtuu4PNDMv+jAG+wb0,3.924531,5.354608,11.03382,0,2591700,22.59272,Interactive,1,1.75
388500,aBesI3vPItgV9K8KujDHhq6Ylk0T+x7OICppEE5WrKsKSJrtuu4PNDMv+jAG+wb0,4.331057,5.467557,10.328322,0,2591700,22.59272,Interactive,1,1.75
388800,aBesI3vPItgV9K8KujDHhq6Ylk0T+x7OICppEE5WrKsKSJrtuu4PNDMv+jAG+wb0,3.310634,5.19055,9.991025,0,2591700,22.59272,Interactive,1,1.75
389100,aBesI3vPItgV9K8KujDHhq6Ylk0T+x7OICppEE5WrKsKSJrtuu4PNDMv+jAG+wb0,4.19672,5.898065,14.061196,0,2591700,22.59272,Interactive,1,1.75
389400,aBesI3vPItgV9K8KujDHhq6Ylk0T+x7OICppEE5WrKsKSJrtuu4PNDMv+jAG+wb0,3.294954,4.728545,6.551288,0,2591700,22.59272,Interactive,1,1.75
389700,aBesI3vPItgV9K8KujDHhq6Ylk0T+x7OICppEE5WrKsKSJrtuu4PNDMv+jAG+wb0,4.275459,5.546315,9.855689,0,2591700,22.59272,Interactive,1,1.75
390000,aBesI3vPItgV9K8KujDHhq6Ylk0T+x7OICppEE5WrKsKSJrtuu4PNDMv+jAG+wb0,3.626703,7.760622,32.742272,0,2591700,22.59272,Interactive,1,1.75
390300,aBesI3vPItgV9K8KujDHhq6Ylk0T+x7OICppEE5WrKsKSJrtuu4PNDMv+jAG+wb0,4.0679050000000005,5.489585,10.088749,0,2591700,22.59272,Interactive,1,1.75
390600,aBesI3vPItgV9K8KujDHhq6Ylk0T+x7OICppEE5WrKsKSJrtuu4PNDMv+jAG+wb0,3.16859,5.059233,10.197952,0,2591700,22.59272,Interactive,1,1.75
390900,aBesI3vPItgV9K8KujDHhq6Ylk0T+x7OICppEE5WrKsKSJrtuu4PNDMv+jAG+wb0,4.27585,6.423625,10.947507,0,2591700,22.59272,Interactive,1,1.75
391200,aBesI3vPItgV9K8KujDHhq6Ylk0T+x7OICppEE5WrKsKSJrtuu4PNDMv+jAG+wb0,3.573352,5.380744,10.259667,0,2591700,22.59272,Interactive,1,1.75
391500,aBesI3vPItgV9K8KujDHhq6Ylk0T+x7OICppEE5WrKsKSJrtuu4PNDMv+jAG+wb0,3.202996,5.118873000000001,10.070915,0,2591700,22.59272,Interactive,1,1.75
391800,aBesI3vPItgV9K8KujDHhq6Ylk0T+x7OICppEE5WrKsKSJrtuu4PNDMv+jAG+wb0,4.077212,5.388544,11.00998,0,2591700,22.59272,Interactive,1,1.75
392100,aBesI3vPItgV9K8KujDHhq6Ylk0T+x7OICppEE5WrKsKSJrtuu4PNDMv+jAG+wb0,3.228742,5.271293,9.871736,0,2591700,22.59272,Interactive,1,1.75
392400,aBesI3vPItgV9K8KujDHhq6Ylk0T+x7OICppEE5WrKsKSJrtuu4PNDMv+jAG+wb0,4.062308,5.567604,10.25862,0,2591700,22.59272,Interactive,1,1.75
392700,aBesI3vPItgV9K8KujDHhq6Ylk0T+x7OICppEE5WrKsKSJrtuu4PNDMv+jAG+wb0,3.168344,5.604925,11.019173,0,2591700,22.59272,Interactive,1,1.75
393000,aBesI3vPItgV9K8KujDHhq6Ylk0T+x7OICppEE5WrKsKSJrtuu4PNDMv+jAG+wb0,4.089702,5.402327,10.199873,0,2591700,22.59272,Interactive,1,1.75
393300,aBesI3vPItgV9K8KujDHhq6Ylk0T+x7OICppEE5WrKsKSJrtuu4PNDMv+jAG+wb0,3.094943,6.637860000000001,15.086208,0,2591700,22.59272,Interactive,1,1.75
393600,aBesI3vPItgV9K8KujDHhq6Ylk0T+x7OICppEE5WrKsKSJrtuu4PNDMv+jAG+wb0,4.203098000000001,7.960417999999999,24.6718,0,2591700,22.59272,Interactive,1,1.75
393900,aBesI3vPItgV9K8KujDHhq6Ylk0T+x7OICppEE5WrKsKSJrtuu4PNDMv+jAG+wb0,3.540992,6.046599,11.611571,0,2591700,22.59272,Interactive,1,1.75
394200,aBesI3vPItgV9K8KujDHhq6Ylk0T+x7OICppEE5WrKsKSJrtuu4PNDMv+jAG+wb0,3.632479,5.220555,10.398182,0,2591700,22.59272,Interactive,1,1.75
394500,aBesI3vPItgV9K8KujDHhq6Ylk0T+x7OICppEE5WrKsKSJrtuu4PNDMv+jAG+wb0,4.195498000000001,5.718744,10.915095,0,2591700,22.59272,Interactive,1,1.75
394800,aBesI3vPItgV9K8KujDHhq6Ylk0T+x7OICppEE5WrKsKSJrtuu4PNDMv+jAG+wb0,3.034068,5.256975,10.360858,0,2591700,22.59272,Interactive,1,1.75
395100,aBesI3vPItgV9K8KujDHhq6Ylk0T+x7OICppEE5WrKsKSJrtuu4PNDMv+jAG+wb0,4.244344,5.660817,10.138249,0,2591700,22.59272,Interactive,1,1.75
395400,aBesI3vPItgV9K8KujDHhq6Ylk0T+x7OICppEE5WrKsKSJrtuu4PNDMv+jAG+wb0,4.15763,6.13186,11.3727,0,2591700,22.59272,Interactive,1,1.75
395700,aBesI3vPItgV9K8KujDHhq6Ylk0T+x7OICppEE5WrKsKSJrtuu4PNDMv+jAG+wb0,4.266858,5.791982,10.158013,0,2591700,22.59272,Interactive,1,1.75
396000,aBesI3vPItgV9K8KujDHhq6Ylk0T+x7OICppEE5WrKsKSJrtuu4PNDMv+jAG+wb0,4.163103,5.517654,10.704661,0,2591700,22.59272,Interactive,1,1.75
396300,aBesI3vPItgV9K8KujDHhq6Ylk0T+x7OICppEE5WrKsKSJrtuu4PNDMv+jAG+wb0,4.164278,5.465503,10.138169,0,2591700,22.59272,Interactive,1,1.75
396600,aBesI3vPItgV9K8KujDHhq6Ylk0T+x7OICppEE5WrKsKSJrtuu4PNDMv+jAG+wb0,2.674007,5.179918,10.229662,0,2591700,22.59272,Interactive,1,1.75
396900,aBesI3vPItgV9K8KujDHhq6Ylk0T+x7OICppEE5WrKsKSJrtuu4PNDMv+jAG+wb0,2.822186,5.154857,10.04899,0,2591700,22.59272,Interactive,1,1.75
397200,aBesI3vPItgV9K8KujDHhq6Ylk0T+x7OICppEE5WrKsKSJrtuu4PNDMv+jAG+wb0,4.083654,7.487235000000001,26.684342,0,2591700,22.59272,Interactive,1,1.75
397500,aBesI3vPItgV9K8KujDHhq6Ylk0T+x7OICppEE5WrKsKSJrtuu4PNDMv+jAG+wb0,3.4146080000000003,5.466809,10.079148,0,2591700,22.59272,Interactive,1,1.75
397800,aBesI3vPItgV9K8KujDHhq6Ylk0T+x7OICppEE5WrKsKSJrtuu4PNDMv+jAG+wb0,4.03016,5.266721,10.333807,0,2591700,22.59272,Interactive,1,1.75
398100,aBesI3vPItgV9K8KujDHhq6Ylk0T+x7OICppEE5WrKsKSJrtuu4PNDMv+jAG+wb0,4.127239,6.037575,10.756836,0,2591700,22.59272,Interactive,1,1.75
398400,aBesI3vPItgV9K8KujDHhq6Ylk0T+x7OICppEE5WrKsKSJrtuu4PNDMv+jAG+wb0,3.948043,5.463166999999999,10.432481,0,2591700,22.59272,Interactive,1,1.75
398700,aBesI3vPItgV9K8KujDHhq6Ylk0T+x7OICppEE5WrKsKSJrtuu4PNDMv+jAG+wb0,3.039071,5.543279,10.218225,0,2591700,22.59272,Interactive,1,1.75
399000,aBesI3vPItgV9K8KujDHhq6Ylk0T+x7OICppEE5WrKsKSJrtuu4PNDMv+jAG+wb0,4.062727,5.399018,9.906507,0,2591700,22.59272,Interactive,1,1.75
399300,aBesI3vPItgV9K8KujDHhq6Ylk0T+x7OICppEE5WrKsKSJrtuu4PNDMv+jAG+wb0,3.287384,5.204147,10.109421,0,2591700,22.59272,Interactive,1,1.75
399600,aBesI3vPItgV9K8KujDHhq6Ylk0T+x7OICppEE5WrKsKSJrtuu4PNDMv+jAG+wb0,3.691072,5.665465,10.156476,0,2591700,22.59272,Interactive,1,1.75
399900,aBesI3vPItgV9K8KujDHhq6Ylk0T+x7OICppEE5WrKsKSJrtuu4PNDMv+jAG+wb0,4.010015,5.573271,9.687238,0,2591700,22.59272,Interactive,1,1.75
400200,aBesI3vPItgV9K8KujDHhq6Ylk0T+x7OICppEE5WrKsKSJrtuu4PNDMv+jAG+wb0,3.963101,5.605983999999999,10.428392,0,2591700,22.59272,Interactive,1,1.75
400500,aBesI3vPItgV9K8KujDHhq6Ylk0T+x7OICppEE5WrKsKSJrtuu4PNDMv+jAG+wb0,4.10366,5.484539,12.118355,0,2591700,22.59272,Interactive,1,1.75
400800,aBesI3vPItgV9K8KujDHhq6Ylk0T+x7OICppEE5WrKsKSJrtuu4PNDMv+jAG+wb0,3.762418,7.524361999999999,26.913253000000005,0,2591700,22.59272,Interactive,1,1.75
401100,aBesI3vPItgV9K8KujDHhq6Ylk0T+x7OICppEE5WrKsKSJrtuu4PNDMv+jAG+wb0,4.009101,5.600144,10.076152,0,2591700,22.59272,Interactive,1,1.75
401400,aBesI3vPItgV9K8KujDHhq6Ylk0T+x7OICppEE5WrKsKSJrtuu4PNDMv+jAG+wb0,4.215401,5.224093,10.321602,0,2591700,22.59272,Interactive,1,1.75
401700,aBesI3vPItgV9K8KujDHhq6Ylk0T+x7OICppEE5WrKsKSJrtuu4PNDMv+jAG+wb0,4.120177,5.45175,9.573178,0,2591700,22.59272,Interactive,1,1.75
402000,aBesI3vPItgV9K8KujDHhq6Ylk0T+x7OICppEE5WrKsKSJrtuu4PNDMv+jAG+wb0,3.424719,5.289875,10.102272,0,2591700,22.59272,Interactive,1,1.75
402300,aBesI3vPItgV9K8KujDHhq6Ylk0T+x7OICppEE5WrKsKSJrtuu4PNDMv+jAG+wb0,2.912319,6.163511,11.791875,0,2591700,22.59272,Interactive,1,1.75
402600,aBesI3vPItgV9K8KujDHhq6Ylk0T+x7OICppEE5WrKsKSJrtuu4PNDMv+jAG+wb0,4.078582,6.108744000000001,9.852269,0,2591700,22.59272,Interactive,1,1.75
402900,aBesI3vPItgV9K8KujDHhq6Ylk0T+x7OICppEE5WrKsKSJrtuu4PNDMv+jAG+wb0,3.352564,5.928085,10.155657,0,2591700,22.59272,Interactive,1,1.75
403200,aBesI3vPItgV9K8KujDHhq6Ylk0T+x7OICppEE5WrKsKSJrtuu4PNDMv+jAG+wb0,4.638873,9.431556,30.801473,0,2591700,22.59272,Interactive,1,1.75
403500,aBesI3vPItgV9K8KujDHhq6Ylk0T+x7OICppEE5WrKsKSJrtuu4PNDMv+jAG+wb0,4.454902,7.102366,13.829885,0,2591700,22.59272,Interactive,1,1.75
403800,aBesI3vPItgV9K8KujDHhq6Ylk0T+x7OICppEE5WrKsKSJrtuu4PNDMv+jAG+wb0,4.067887000000001,5.657223,10.491633,0,2591700,22.59272,Interactive,1,1.75
404100,aBesI3vPItgV9K8KujDHhq6Ylk0T+x7OICppEE5WrKsKSJrtuu4PNDMv+jAG+wb0,3.620064,5.238688,10.158218,0,2591700,22.59272,Interactive,1,1.75
404400,aBesI3vPItgV9K8KujDHhq6Ylk0T+x7OICppEE5WrKsKSJrtuu4PNDMv+jAG+wb0,4.16735,14.066945,45.694528000000005,0,2591700,22.59272,Interactive,1,1.75
404700,aBesI3vPItgV9K8KujDHhq6Ylk0T+x7OICppEE5WrKsKSJrtuu4PNDMv+jAG+wb0,3.882465,6.472679,11.611295,0,2591700,22.59272,Interactive,1,1.75
405000,aBesI3vPItgV9K8KujDHhq6Ylk0T+x7OICppEE5WrKsKSJrtuu4PNDMv+jAG+wb0,3.073807,5.098736,10.571291,0,2591700,22.59272,Interactive,1,1.75
405300,aBesI3vPItgV9K8KujDHhq6Ylk0T+x7OICppEE5WrKsKSJrtuu4PNDMv+jAG+wb0,4.173846,5.431808999999999,9.376475,0,2591700,22.59272,Interactive,1,1.75
405600,aBesI3vPItgV9K8KujDHhq6Ylk0T+x7OICppEE5WrKsKSJrtuu4PNDMv+jAG+wb0,3.46641,5.093225,10.07711,0,2591700,22.59272,Interactive,1,1.75
405900,aBesI3vPItgV9K8KujDHhq6Ylk0T+x7OICppEE5WrKsKSJrtuu4PNDMv+jAG+wb0,3.943915,5.171673999999999,11.157256,0,2591700,22.59272,Interactive,1,1.75
406200,aBesI3vPItgV9K8KujDHhq6Ylk0T+x7OICppEE5WrKsKSJrtuu4PNDMv+jAG+wb0,4.139403,7.190073,24.077496,0,2591700,22.59272,Interactive,1,1.75
406500,aBesI3vPItgV9K8KujDHhq6Ylk0T+x7OICppEE5WrKsKSJrtuu4PNDMv+jAG+wb0,3.997283,5.053654,9.74223,0,2591700,22.59272,Interactive,1,1.75
406800,aBesI3vPItgV9K8KujDHhq6Ylk0T+x7OICppEE5WrKsKSJrtuu4PNDMv+jAG+wb0,3.880746,5.45821,11.24061,0,2591700,22.59272,Interactive,1,1.75
407100,aBesI3vPItgV9K8KujDHhq6Ylk0T+x7OICppEE5WrKsKSJrtuu4PNDMv+jAG+wb0,4.140353,5.203869999999999,9.45752,0,2591700,22.59272,Interactive,1,1.75
407400,aBesI3vPItgV9K8KujDHhq6Ylk0T+x7OICppEE5WrKsKSJrtuu4PNDMv+jAG+wb0,3.53121,4.916354,10.004646,0,2591700,22.59272,Interactive,1,1.75
407700,aBesI3vPItgV9K8KujDHhq6Ylk0T+x7OICppEE5WrKsKSJrtuu4PNDMv+jAG+wb0,3.661519,5.402394999999999,11.293165,0,2591700,22.59272,Interactive,1,1.75
408000,aBesI3vPItgV9K8KujDHhq6Ylk0T+x7OICppEE5WrKsKSJrtuu4PNDMv+jAG+wb0,3.702527,7.246867,26.163661,0,2591700,22.59272,Interactive,1,1.75
408300,aBesI3vPItgV9K8KujDHhq6Ylk0T+x7OICppEE5WrKsKSJrtuu4PNDMv+jAG+wb0,3.881261,5.174129,9.87353,0,2591700,22.59272,Interactive,1,1.75
408600,aBesI3vPItgV9K8KujDHhq6Ylk0T+x7OICppEE5WrKsKSJrtuu4PNDMv+jAG+wb0,4.022967,5.208016000000001,11.338558,0,2591700,22.59272,Interactive,1,1.75
408900,aBesI3vPItgV9K8KujDHhq6Ylk0T+x7OICppEE5WrKsKSJrtuu4PNDMv+jAG+wb0,3.734327,6.877275,21.655169,0,2591700,22.59272,Interactive,1,1.75
409200,aBesI3vPItgV9K8KujDHhq6Ylk0T+x7OICppEE5WrKsKSJrtuu4PNDMv+jAG+wb0,3.984223000000001,6.453458,10.52301,0,2591700,22.59272,Interactive,1,1.75
409500,aBesI3vPItgV9K8KujDHhq6Ylk0T+x7OICppEE5WrKsKSJrtuu4PNDMv+jAG+wb0,3.786159,5.288266999999999,11.002746,0,2591700,22.59272,Interactive,1,1.75
409800,aBesI3vPItgV9K8KujDHhq6Ylk0T+x7OICppEE5WrKsKSJrtuu4PNDMv+jAG+wb0,3.807349,5.216829,9.856284,0,2591700,22.59272,Interactive,1,1.75
410100,aBesI3vPItgV9K8KujDHhq6Ylk0T+x7OICppEE5WrKsKSJrtuu4PNDMv+jAG+wb0,3.91755,5.173321,9.890583,0,2591700,22.59272,Interactive,1,1.75
410400,aBesI3vPItgV9K8KujDHhq6Ylk0T+x7OICppEE5WrKsKSJrtuu4PNDMv+jAG+wb0,4.005881,5.3094730000000006,11.700869,0,2591700,22.59272,Interactive,1,1.75
410700,aBesI3vPItgV9K8KujDHhq6Ylk0T+x7OICppEE5WrKsKSJrtuu4PNDMv+jAG+wb0,3.760485,5.200182,9.330364,0,2591700,22.59272,Interactive,1,1.75
411000,aBesI3vPItgV9K8KujDHhq6Ylk0T+x7OICppEE5WrKsKSJrtuu4PNDMv+jAG+wb0,3.810893,5.182134,9.980548,0,2591700,22.59272,Interactive,1,1.75
411300,aBesI3vPItgV9K8KujDHhq6Ylk0T+x7OICppEE5WrKsKSJrtuu4PNDMv+jAG+wb0,3.937477,5.293472,10.8971,0,2591700,22.59272,Interactive,1,1.75
411600,aBesI3vPItgV9K8KujDHhq6Ylk0T+x7OICppEE5WrKsKSJrtuu4PNDMv+jAG+wb0,3.998564,8.073011,15.662914,0,2591700,22.59272,Interactive,1,1.75
411900,aBesI3vPItgV9K8KujDHhq6Ylk0T+x7OICppEE5WrKsKSJrtuu4PNDMv+jAG+wb0,3.930855,5.311438,9.814855,0,2591700,22.59272,Interactive,1,1.75
412200,aBesI3vPItgV9K8KujDHhq6Ylk0T+x7OICppEE5WrKsKSJrtuu4PNDMv+jAG+wb0,3.823483,5.202185,10.916468,0,2591700,22.59272,Interactive,1,1.75
412500,aBesI3vPItgV9K8KujDHhq6Ylk0T+x7OICppEE5WrKsKSJrtuu4PNDMv+jAG+wb0,3.726721,5.224036,9.324892,0,2591700,22.59272,Interactive,1,1.75
412800,aBesI3vPItgV9K8KujDHhq6Ylk0T+x7OICppEE5WrKsKSJrtuu4PNDMv+jAG+wb0,3.727467,5.1947,10.171289,0,2591700,22.59272,Interactive,1,1.75
413100,aBesI3vPItgV9K8KujDHhq6Ylk0T+x7OICppEE5WrKsKSJrtuu4PNDMv+jAG+wb0,3.900853,5.469355,10.89123,0,2591700,22.59272,Interactive,1,1.75
413400,aBesI3vPItgV9K8KujDHhq6Ylk0T+x7OICppEE5WrKsKSJrtuu4PNDMv+jAG+wb0,3.935113,5.184451,9.540024,0,2591700,22.59272,Interactive,1,1.75
413700,aBesI3vPItgV9K8KujDHhq6Ylk0T+x7OICppEE5WrKsKSJrtuu4PNDMv+jAG+wb0,3.728509,5.239976,9.693729,0,2591700,22.59272,Interactive,1,1.75
414000,aBesI3vPItgV9K8KujDHhq6Ylk0T+x7OICppEE5WrKsKSJrtuu4PNDMv+jAG+wb0,3.845271,5.201119,10.93631,0,2591700,22.59272,Interactive,1,1.75
414300,aBesI3vPItgV9K8KujDHhq6Ylk0T+x7OICppEE5WrKsKSJrtuu4PNDMv+jAG+wb0,3.698318,5.123074,8.980252,0,2591700,22.59272,Interactive,1,1.75
414600,aBesI3vPItgV9K8KujDHhq6Ylk0T+x7OICppEE5WrKsKSJrtuu4PNDMv+jAG+wb0,4.014492,5.109369,10.048323,0,2591700,22.59272,Interactive,1,1.75
414900,aBesI3vPItgV9K8KujDHhq6Ylk0T+x7OICppEE5WrKsKSJrtuu4PNDMv+jAG+wb0,4.028008,5.538274,9.695582,0,2591700,22.59272,Interactive,1,1.75
415200,aBesI3vPItgV9K8KujDHhq6Ylk0T+x7OICppEE5WrKsKSJrtuu4PNDMv+jAG+wb0,3.653336,7.233825,26.525326,0,2591700,22.59272,Interactive,1,1.75
415500,aBesI3vPItgV9K8KujDHhq6Ylk0T+x7OICppEE5WrKsKSJrtuu4PNDMv+jAG+wb0,3.742883,5.438094,9.65688,0,2591700,22.59272,Interactive,1,1.75
415800,aBesI3vPItgV9K8KujDHhq6Ylk0T+x7OICppEE5WrKsKSJrtuu4PNDMv+jAG+wb0,3.696932,5.42281,10.090162,0,2591700,22.59272,Interactive,1,1.75
416100,aBesI3vPItgV9K8KujDHhq6Ylk0T+x7OICppEE5WrKsKSJrtuu4PNDMv+jAG+wb0,3.645032,5.134227,9.262571,0,2591700,22.59272,Interactive,1,1.75
416400,aBesI3vPItgV9K8KujDHhq6Ylk0T+x7OICppEE5WrKsKSJrtuu4PNDMv+jAG+wb0,3.707918,5.289578,9.870454,0,2591700,22.59272,Interactive,1,1.75
416700,aBesI3vPItgV9K8KujDHhq6Ylk0T+x7OICppEE5WrKsKSJrtuu4PNDMv+jAG+wb0,3.656182,5.201543,9.669954,0,2591700,22.59272,Interactive,1,1.75
417000,aBesI3vPItgV9K8KujDHhq6Ylk0T+x7OICppEE5WrKsKSJrtuu4PNDMv+jAG+wb0,3.758745,5.270703,9.321094,0,2591700,22.59272,Interactive,1,1.75
417300,aBesI3vPItgV9K8KujDHhq6Ylk0T+x7OICppEE5WrKsKSJrtuu4PNDMv+jAG+wb0,3.737096,5.08212,9.63151,0,2591700,22.59272,Interactive,1,1.75
417600,aBesI3vPItgV9K8KujDHhq6Ylk0T+x7OICppEE5WrKsKSJrtuu4PNDMv+jAG+wb0,3.631726,5.347928,10.084184,0,2591700,22.59272,Interactive,1,1.75
417900,aBesI3vPItgV9K8KujDHhq6Ylk0T+x7OICppEE5WrKsKSJrtuu4PNDMv+jAG+wb0,3.700622,5.281873,9.383047,0,2591700,22.59272,Interactive,1,1.75
418200,aBesI3vPItgV9K8KujDHhq6Ylk0T+x7OICppEE5WrKsKSJrtuu4PNDMv+jAG+wb0,3.752163,5.254430999999999,10.140545,0,2591700,22.59272,Interactive,1,1.75
418500,aBesI3vPItgV9K8KujDHhq6Ylk0T+x7OICppEE5WrKsKSJrtuu4PNDMv+jAG+wb0,3.675163,5.412319999999999,9.748932,0,2591700,22.59272,Interactive,1,1.75
418800,aBesI3vPItgV9K8KujDHhq6Ylk0T+x7OICppEE5WrKsKSJrtuu4PNDMv+jAG+wb0,3.699069,7.062678,24.308773,0,2591700,22.59272,Interactive,1,1.75
419100,aBesI3vPItgV9K8KujDHhq6Ylk0T+x7OICppEE5WrKsKSJrtuu4PNDMv+jAG+wb0,3.690033,5.298211,9.493052,0,2591700,22.59272,Interactive,1,1.75
419400,aBesI3vPItgV9K8KujDHhq6Ylk0T+x7OICppEE5WrKsKSJrtuu4PNDMv+jAG+wb0,3.763061,11.696325,67.53647099999999,0,2591700,22.59272,Interactive,1,1.75
419700,aBesI3vPItgV9K8KujDHhq6Ylk0T+x7OICppEE5WrKsKSJrtuu4PNDMv+jAG+wb0,3.756877,5.38115,9.058797,0,2591700,22.59272,Interactive,1,1.75
420000,aBesI3vPItgV9K8KujDHhq6Ylk0T+x7OICppEE5WrKsKSJrtuu4PNDMv+jAG+wb0,3.694959,5.285203,10.87397,0,2591700,22.59272,Interactive,1,1.75
420300,aBesI3vPItgV9K8KujDHhq6Ylk0T+x7OICppEE5WrKsKSJrtuu4PNDMv+jAG+wb0,3.743399,5.29642,9.831339,0,2591700,22.59272,Interactive,1,1.75
420600,aBesI3vPItgV9K8KujDHhq6Ylk0T+x7OICppEE5WrKsKSJrtuu4PNDMv+jAG+wb0,3.858328,5.212539,9.746395,0,2591700,22.59272,Interactive,1,1.75
420900,aBesI3vPItgV9K8KujDHhq6Ylk0T+x7OICppEE5WrKsKSJrtuu4PNDMv+jAG+wb0,3.744046,5.140292,9.759543,0,2591700,22.59272,Interactive,1,1.75
421200,aBesI3vPItgV9K8KujDHhq6Ylk0T+x7OICppEE5WrKsKSJrtuu4PNDMv+jAG+wb0,3.724496,5.325855000000001,10.088456,0,2591700,22.59272,Interactive,1,1.75
421500,aBesI3vPItgV9K8KujDHhq6Ylk0T+x7OICppEE5WrKsKSJrtuu4PNDMv+jAG+wb0,3.674661,5.152209,9.437836,0,2591700,22.59272,Interactive,1,1.75
421800,aBesI3vPItgV9K8KujDHhq6Ylk0T+x7OICppEE5WrKsKSJrtuu4PNDMv+jAG+wb0,3.747447,5.291546,10.250079,0,2591700,22.59272,Interactive,1,1.75
422100,aBesI3vPItgV9K8KujDHhq6Ylk0T+x7OICppEE5WrKsKSJrtuu4PNDMv+jAG+wb0,3.718834,5.20819,9.775438,0,2591700,22.59272,Interactive,1,1.75
422400,aBesI3vPItgV9K8KujDHhq6Ylk0T+x7OICppEE5WrKsKSJrtuu4PNDMv+jAG+wb0,3.759846,5.330284,9.345267,0,2591700,22.59272,Interactive,1,1.75
422700,aBesI3vPItgV9K8KujDHhq6Ylk0T+x7OICppEE5WrKsKSJrtuu4PNDMv+jAG+wb0,3.785049,7.259351,25.120389000000003,0,2591700,22.59272,Interactive,1,1.75
423000,aBesI3vPItgV9K8KujDHhq6Ylk0T+x7OICppEE5WrKsKSJrtuu4PNDMv+jAG+wb0,3.687332,5.404491,9.769569,0,2591700,22.59272,Interactive,1,1.75
423300,aBesI3vPItgV9K8KujDHhq6Ylk0T+x7OICppEE5WrKsKSJrtuu4PNDMv+jAG+wb0,4.050167,5.430358,8.911897999999999,0,2591700,22.59272,Interactive,1,1.75
423600,aBesI3vPItgV9K8KujDHhq6Ylk0T+x7OICppEE5WrKsKSJrtuu4PNDMv+jAG+wb0,3.723976,5.173564,10.853737,0,2591700,22.59272,Interactive,1,1.75
423900,aBesI3vPItgV9K8KujDHhq6Ylk0T+x7OICppEE5WrKsKSJrtuu4PNDMv+jAG+wb0,4.047235,5.374343,9.329768,0,2591700,22.59272,Interactive,1,1.75
424200,aBesI3vPItgV9K8KujDHhq6Ylk0T+x7OICppEE5WrKsKSJrtuu4PNDMv+jAG+wb0,3.765068,5.075302,9.035833,0,2591700,22.59272,Interactive,1,1.75
424500,aBesI3vPItgV9K8KujDHhq6Ylk0T+x7OICppEE5WrKsKSJrtuu4PNDMv+jAG+wb0,3.644162,5.24603,10.42833,0,2591700,22.59272,Interactive,1,1.75
424800,aBesI3vPItgV9K8KujDHhq6Ylk0T+x7OICppEE5WrKsKSJrtuu4PNDMv+jAG+wb0,3.708749,5.30251,9.910179,0,2591700,22.59272,Interactive,1,1.75
425100,aBesI3vPItgV9K8KujDHhq6Ylk0T+x7OICppEE5WrKsKSJrtuu4PNDMv+jAG+wb0,3.814799,5.001156,8.927027,0,2591700,22.59272,Interactive,1,1.75
425400,aBesI3vPItgV9K8KujDHhq6Ylk0T+x7OICppEE5WrKsKSJrtuu4PNDMv+jAG+wb0,3.706023000000001,5.239781,10.469478,0,2591700,22.59272,Interactive,1,1.75
425700,aBesI3vPItgV9K8KujDHhq6Ylk0T+x7OICppEE5WrKsKSJrtuu4PNDMv+jAG+wb0,3.718364,5.290727,9.269845,0,2591700,22.59272,Interactive,1,1.75
426000,aBesI3vPItgV9K8KujDHhq6Ylk0T+x7OICppEE5WrKsKSJrtuu4PNDMv+jAG+wb0,3.769972,5.118789,9.508344,0,2591700,22.59272,Interactive,1,1.75
426300,aBesI3vPItgV9K8KujDHhq6Ylk0T+x7OICppEE5WrKsKSJrtuu4PNDMv+jAG+wb0,3.733743,7.323017999999999,26.505311,0,2591700,22.59272,Interactive,1,1.75
426600,aBesI3vPItgV9K8KujDHhq6Ylk0T+x7OICppEE5WrKsKSJrtuu4PNDMv+jAG+wb0,3.548055,5.2423150000000005,9.589472,0,2591700,22.59272,Interactive,1,1.75
426900,aBesI3vPItgV9K8KujDHhq6Ylk0T+x7OICppEE5WrKsKSJrtuu4PNDMv+jAG+wb0,3.903791000000001,11.704389,66.76006600000001,0,2591700,22.59272,Interactive,1,1.75
427200,aBesI3vPItgV9K8KujDHhq6Ylk0T+x7OICppEE5WrKsKSJrtuu4PNDMv+jAG+wb0,3.726336,5.5403970000000005,11.683965,0,2591700,22.59272,Interactive,1,1.75
427500,aBesI3vPItgV9K8KujDHhq6Ylk0T+x7OICppEE5WrKsKSJrtuu4PNDMv+jAG+wb0,3.884362,5.284408999999999,9.232066,0,2591700,22.59272,Interactive,1,1.75
427800,aBesI3vPItgV9K8KujDHhq6Ylk0T+x7OICppEE5WrKsKSJrtuu4PNDMv+jAG+wb0,3.828353,5.412371,9.417116,0,2591700,22.59272,Interactive,1,1.75
428100,aBesI3vPItgV9K8KujDHhq6Ylk0T+x7OICppEE5WrKsKSJrtuu4PNDMv+jAG+wb0,3.846377,5.251428,10.444978,0,2591700,22.59272,Interactive,1,1.75
428400,aBesI3vPItgV9K8KujDHhq6Ylk0T+x7OICppEE5WrKsKSJrtuu4PNDMv+jAG+wb0,3.637926,5.156923,9.729076,0,2591700,22.59272,Interactive,1,1.75
428700,aBesI3vPItgV9K8KujDHhq6Ylk0T+x7OICppEE5WrKsKSJrtuu4PNDMv+jAG+wb0,3.811874,5.230132,9.041643,0,2591700,22.59272,Interactive,1,1.75
429000,aBesI3vPItgV9K8KujDHhq6Ylk0T+x7OICppEE5WrKsKSJrtuu4PNDMv+jAG+wb0,3.812868,5.166551,10.418937,0,2591700,22.59272,Interactive,1,1.75
429300,aBesI3vPItgV9K8KujDHhq6Ylk0T+x7OICppEE5WrKsKSJrtuu4PNDMv+jAG+wb0,3.0930720000000003,5.195511,9.23889,0,2591700,22.59272,Interactive,1,1.75
429600,aBesI3vPItgV9K8KujDHhq6Ylk0T+x7OICppEE5WrKsKSJrtuu4PNDMv+jAG+wb0,3.898694,5.374844,9.27209,0,2591700,22.59272,Interactive,1,1.75
429900,aBesI3vPItgV9K8KujDHhq6Ylk0T+x7OICppEE5WrKsKSJrtuu4PNDMv+jAG+wb0,2.539314,7.302718,18.126843,0,2591700,22.59272,Interactive,1,1.75
430200,aBesI3vPItgV9K8KujDHhq6Ylk0T+x7OICppEE5WrKsKSJrtuu4PNDMv+jAG+wb0,3.785591,5.224802,9.821574,0,2591700,22.59272,Interactive,1,1.75
430500,aBesI3vPItgV9K8KujDHhq6Ylk0T+x7OICppEE5WrKsKSJrtuu4PNDMv+jAG+wb0,2.791005,4.895053,9.463928,0,2591700,22.59272,Interactive,1,1.75
430800,aBesI3vPItgV9K8KujDHhq6Ylk0T+x7OICppEE5WrKsKSJrtuu4PNDMv+jAG+wb0,3.790704,5.333146,10.858335,0,2591700,22.59272,Interactive,1,1.75
431100,aBesI3vPItgV9K8KujDHhq6Ylk0T+x7OICppEE5WrKsKSJrtuu4PNDMv+jAG+wb0,2.7623830000000003,5.11077,9.20948,0,2591700,22.59272,Interactive,1,1.75
431400,aBesI3vPItgV9K8KujDHhq6Ylk0T+x7OICppEE5WrKsKSJrtuu4PNDMv+jAG+wb0,3.881302,5.147115,9.635214,0,2591700,22.59272,Interactive,1,1.75
431700,aBesI3vPItgV9K8KujDHhq6Ylk0T+x7OICppEE5WrKsKSJrtuu4PNDMv+jAG+wb0,3.517606,5.139985,10.279817,0,2591700,22.59272,Interactive,1,1.75
432000,aBesI3vPItgV9K8KujDHhq6Ylk0T+x7OICppEE5WrKsKSJrtuu4PNDMv+jAG+wb0,3.183212,5.1396120000000005,9.879046,0,2591700,22.59272,Interactive,1,1.75
432300,aBesI3vPItgV9K8KujDHhq6Ylk0T+x7OICppEE5WrKsKSJrtuu4PNDMv+jAG+wb0,3.647452,5.079706,9.007421,0,2591700,22.59272,Interactive,1,1.75
432600,aBesI3vPItgV9K8KujDHhq6Ylk0T+x7OICppEE5WrKsKSJrtuu4PNDMv+jAG+wb0,3.210776,5.163876999999999,10.703181,0,2591700,22.59272,Interactive,1,1.75
432900,aBesI3vPItgV9K8KujDHhq6Ylk0T+x7OICppEE5WrKsKSJrtuu4PNDMv+jAG+wb0,3.672615,5.365556,9.185135,0,2591700,22.59272,Interactive,1,1.75
433200,aBesI3vPItgV9K8KujDHhq6Ylk0T+x7OICppEE5WrKsKSJrtuu4PNDMv+jAG+wb0,3.810063,10.006645,38.137806,0,2591700,22.59272,Interactive,1,1.75
433500,aBesI3vPItgV9K8KujDHhq6Ylk0T+x7OICppEE5WrKsKSJrtuu4PNDMv+jAG+wb0,3.96343,7.50577,27.972374,0,2591700,22.59272,Interactive,1,1.75
433800,aBesI3vPItgV9K8KujDHhq6Ylk0T+x7OICppEE5WrKsKSJrtuu4PNDMv+jAG+wb0,3.066661,5.033298,9.850146,0,2591700,22.59272,Interactive,1,1.75
434100,aBesI3vPItgV9K8KujDHhq6Ylk0T+x7OICppEE5WrKsKSJrtuu4PNDMv+jAG+wb0,3.709309,5.094231,8.950728999999999,0,2591700,22.59272,Interactive,1,1.75
434400,aBesI3vPItgV9K8KujDHhq6Ylk0T+x7OICppEE5WrKsKSJrtuu4PNDMv+jAG+wb0,3.189892,4.931083999999999,9.556295,0,2591700,22.59272,Interactive,1,1.75
434700,aBesI3vPItgV9K8KujDHhq6Ylk0T+x7OICppEE5WrKsKSJrtuu4PNDMv+jAG+wb0,3.726063,5.065686,9.070042,0,2591700,22.59272,Interactive,1,1.75
435000,aBesI3vPItgV9K8KujDHhq6Ylk0T+x7OICppEE5WrKsKSJrtuu4PNDMv+jAG+wb0,3.832945,5.124914,9.391627,0,2591700,22.59272,Interactive,1,1.75
435300,aBesI3vPItgV9K8KujDHhq6Ylk0T+x7OICppEE5WrKsKSJrtuu4PNDMv+jAG+wb0,3.1394740000000003,5.040916,9.183876,0,2591700,22.59272,Interactive,1,1.75
435600,aBesI3vPItgV9K8KujDHhq6Ylk0T+x7OICppEE5WrKsKSJrtuu4PNDMv+jAG+wb0,3.823468,5.218,9.650776,0,2591700,22.59272,Interactive,1,1.75
435900,aBesI3vPItgV9K8KujDHhq6Ylk0T+x7OICppEE5WrKsKSJrtuu4PNDMv+jAG+wb0,3.097956,5.479858999999999,9.653857,0,2591700,22.59272,Interactive,1,1.75
436200,aBesI3vPItgV9K8KujDHhq6Ylk0T+x7OICppEE5WrKsKSJrtuu4PNDMv+jAG+wb0,3.765005,5.283919,9.674664,0,2591700,22.59272,Interactive,1,1.75
436500,aBesI3vPItgV9K8KujDHhq6Ylk0T+x7OICppEE5WrKsKSJrtuu4PNDMv+jAG+wb0,3.202882,4.999389,9.244108,0,2591700,22.59272,Interactive,1,1.75
436800,aBesI3vPItgV9K8KujDHhq6Ylk0T+x7OICppEE5WrKsKSJrtuu4PNDMv+jAG+wb0,3.705351,5.292187,9.391835,0,2591700,22.59272,Interactive,1,1.75
437100,aBesI3vPItgV9K8KujDHhq6Ylk0T+x7OICppEE5WrKsKSJrtuu4PNDMv+jAG+wb0,2.828644,6.231253,16.507173,0,2591700,22.59272,Interactive,1,1.75
437400,aBesI3vPItgV9K8KujDHhq6Ylk0T+x7OICppEE5WrKsKSJrtuu4PNDMv+jAG+wb0,3.885191,5.239455,9.77178,0,2591700,22.59272,Interactive,1,1.75
437700,aBesI3vPItgV9K8KujDHhq6Ylk0T+x7OICppEE5WrKsKSJrtuu4PNDMv+jAG+wb0,3.368189,4.5632220000000006,6.71033,0,2591700,22.59272,Interactive,1,1.75
438000,aBesI3vPItgV9K8KujDHhq6Ylk0T+x7OICppEE5WrKsKSJrtuu4PNDMv+jAG+wb0,3.811225,5.297326,9.524816,0,2591700,22.59272,Interactive,1,1.75
438300,aBesI3vPItgV9K8KujDHhq6Ylk0T+x7OICppEE5WrKsKSJrtuu4PNDMv+jAG+wb0,3.730958,5.260393,9.207768,0,2591700,22.59272,Interactive,1,1.75
438600,aBesI3vPItgV9K8KujDHhq6Ylk0T+x7OICppEE5WrKsKSJrtuu4PNDMv+jAG+wb0,3.74477,5.103616000000001,9.518194,0,2591700,22.59272,Interactive,1,1.75
438900,aBesI3vPItgV9K8KujDHhq6Ylk0T+x7OICppEE5WrKsKSJrtuu4PNDMv+jAG+wb0,3.824134,5.325646,9.144597,0,2591700,22.59272,Interactive,1,1.75
439200,aBesI3vPItgV9K8KujDHhq6Ylk0T+x7OICppEE5WrKsKSJrtuu4PNDMv+jAG+wb0,3.819771,5.269519,9.86654,0,2591700,22.59272,Interactive,1,1.75
439500,aBesI3vPItgV9K8KujDHhq6Ylk0T+x7OICppEE5WrKsKSJrtuu4PNDMv+jAG+wb0,3.73973,5.160429,8.865766,0,2591700,22.59272,Interactive,1,1.75
439800,aBesI3vPItgV9K8KujDHhq6Ylk0T+x7OICppEE5WrKsKSJrtuu4PNDMv+jAG+wb0,4.066137,5.373941,9.739063,0,2591700,22.59272,Interactive,1,1.75
440100,aBesI3vPItgV9K8KujDHhq6Ylk0T+x7OICppEE5WrKsKSJrtuu4PNDMv+jAG+wb0,3.755938,5.2843290000000005,9.339566,0,2591700,22.59272,Interactive,1,1.75
440400,aBesI3vPItgV9K8KujDHhq6Ylk0T+x7OICppEE5WrKsKSJrtuu4PNDMv+jAG+wb0,3.828465,4.751007,6.220456,0,2591700,22.59272,Interactive,1,1.75
440700,aBesI3vPItgV9K8KujDHhq6Ylk0T+x7OICppEE5WrKsKSJrtuu4PNDMv+jAG+wb0,4.160369,7.452622,25.290049,0,2591700,22.59272,Interactive,1,1.75
441000,aBesI3vPItgV9K8KujDHhq6Ylk0T+x7OICppEE5WrKsKSJrtuu4PNDMv+jAG+wb0,3.829703,5.322266,9.675863,0,2591700,22.59272,Interactive,1,1.75
441300,aBesI3vPItgV9K8KujDHhq6Ylk0T+x7OICppEE5WrKsKSJrtuu4PNDMv+jAG+wb0,3.745185,5.222796,9.631792,0,2591700,22.59272,Interactive,1,1.75
441600,aBesI3vPItgV9K8KujDHhq6Ylk0T+x7OICppEE5WrKsKSJrtuu4PNDMv+jAG+wb0,4.147053,5.413876,9.617112,0,2591700,22.59272,Interactive,1,1.75
441900,aBesI3vPItgV9K8KujDHhq6Ylk0T+x7OICppEE5WrKsKSJrtuu4PNDMv+jAG+wb0,3.819711,5.139663,9.303845,0,2591700,22.59272,Interactive,1,1.75
442200,aBesI3vPItgV9K8KujDHhq6Ylk0T+x7OICppEE5WrKsKSJrtuu4PNDMv+jAG+wb0,3.27325,5.094258,10.779494,0,2591700,22.59272,Interactive,1,1.75
442500,aBesI3vPItgV9K8KujDHhq6Ylk0T+x7OICppEE5WrKsKSJrtuu4PNDMv+jAG+wb0,2.751707,5.212686,9.123002,0,2591700,22.59272,Interactive,1,1.75
442800,aBesI3vPItgV9K8KujDHhq6Ylk0T+x7OICppEE5WrKsKSJrtuu4PNDMv+jAG+wb0,3.890647,5.176239,9.371741,0,2591700,22.59272,Interactive,1,1.75
443100,aBesI3vPItgV9K8KujDHhq6Ylk0T+x7OICppEE5WrKsKSJrtuu4PNDMv+jAG+wb0,3.116751,4.552228,5.417945,0,2591700,22.59272,Interactive,1,1.75
443400,aBesI3vPItgV9K8KujDHhq6Ylk0T+x7OICppEE5WrKsKSJrtuu4PNDMv+jAG+wb0,4.145668,5.297992,9.488441,0,2591700,22.59272,Interactive,1,1.75
443700,aBesI3vPItgV9K8KujDHhq6Ylk0T+x7OICppEE5WrKsKSJrtuu4PNDMv+jAG+wb0,3.038509,4.990535,9.270462,0,2591700,22.59272,Interactive,1,1.75
444000,aBesI3vPItgV9K8KujDHhq6Ylk0T+x7OICppEE5WrKsKSJrtuu4PNDMv+jAG+wb0,3.861348,5.518998000000001,10.67993,0,2591700,22.59272,Interactive,1,1.75
444300,aBesI3vPItgV9K8KujDHhq6Ylk0T+x7OICppEE5WrKsKSJrtuu4PNDMv+jAG+wb0,3.175063,5.107393,9.12839,0,2591700,22.59272,Interactive,1,1.75
444600,aBesI3vPItgV9K8KujDHhq6Ylk0T+x7OICppEE5WrKsKSJrtuu4PNDMv+jAG+wb0,3.840453,5.23251,9.41107,0,2591700,22.59272,Interactive,1,1.75
444900,aBesI3vPItgV9K8KujDHhq6Ylk0T+x7OICppEE5WrKsKSJrtuu4PNDMv+jAG+wb0,3.591799,5.130211,10.489491,0,2591700,22.59272,Interactive,1,1.75
445200,aBesI3vPItgV9K8KujDHhq6Ylk0T+x7OICppEE5WrKsKSJrtuu4PNDMv+jAG+wb0,3.926202,5.208019,9.5198,0,2591700,22.59272,Interactive,1,1.75
445500,aBesI3vPItgV9K8KujDHhq6Ylk0T+x7OICppEE5WrKsKSJrtuu4PNDMv+jAG+wb0,3.884299,5.157825,9.542761,0,2591700,22.59272,Interactive,1,1.75
445800,aBesI3vPItgV9K8KujDHhq6Ylk0T+x7OICppEE5WrKsKSJrtuu4PNDMv+jAG+wb0,3.250509,4.582628,5.589023,0,2591700,22.59272,Interactive,1,1.75
446100,aBesI3vPItgV9K8KujDHhq6Ylk0T+x7OICppEE5WrKsKSJrtuu4PNDMv+jAG+wb0,4.118767,5.313614,9.46867,0,2591700,22.59272,Interactive,1,1.75
446400,aBesI3vPItgV9K8KujDHhq6Ylk0T+x7OICppEE5WrKsKSJrtuu4PNDMv+jAG+wb0,4.024492,5.068619,9.672479,0,2591700,22.59272,Interactive,1,1.75
446700,aBesI3vPItgV9K8KujDHhq6Ylk0T+x7OICppEE5WrKsKSJrtuu4PNDMv+jAG+wb0,4.057733,5.280075,10.640641,0,2591700,22.59272,Interactive,1,1.75
447000,aBesI3vPItgV9K8KujDHhq6Ylk0T+x7OICppEE5WrKsKSJrtuu4PNDMv+jAG+wb0,3.415663,5.351841,9.548554,0,2591700,22.59272,Interactive,1,1.75
447300,aBesI3vPItgV9K8KujDHhq6Ylk0T+x7OICppEE5WrKsKSJrtuu4PNDMv+jAG+wb0,3.945673,5.225854,9.662483,0,2591700,22.59272,Interactive,1,1.75
447600,aBesI3vPItgV9K8KujDHhq6Ylk0T+x7OICppEE5WrKsKSJrtuu4PNDMv+jAG+wb0,3.1574560000000003,5.108402,10.667739,0,2591700,22.59272,Interactive,1,1.75
447900,aBesI3vPItgV9K8KujDHhq6Ylk0T+x7OICppEE5WrKsKSJrtuu4PNDMv+jAG+wb0,3.635705,7.384798,24.694486,0,2591700,22.59272,Interactive,1,1.75
448200,aBesI3vPItgV9K8KujDHhq6Ylk0T+x7OICppEE5WrKsKSJrtuu4PNDMv+jAG+wb0,4.043381,5.181998,9.829107,0,2591700,22.59272,Interactive,1,1.75
448500,aBesI3vPItgV9K8KujDHhq6Ylk0T+x7OICppEE5WrKsKSJrtuu4PNDMv+jAG+wb0,4.037796,5.147332,9.041836,0,2591700,22.59272,Interactive,1,1.75
448800,aBesI3vPItgV9K8KujDHhq6Ylk0T+x7OICppEE5WrKsKSJrtuu4PNDMv+jAG+wb0,4.398217,5.537422,9.798537,0,2591700,22.59272,Interactive,1,1.75
449100,aBesI3vPItgV9K8KujDHhq6Ylk0T+x7OICppEE5WrKsKSJrtuu4PNDMv+jAG+wb0,4.062017,5.311103,9.754676,0,2591700,22.59272,Interactive,1,1.75
449400,aBesI3vPItgV9K8KujDHhq6Ylk0T+x7OICppEE5WrKsKSJrtuu4PNDMv+jAG+wb0,3.918342,5.261018,10.547893,0,2591700,22.59272,Interactive,1,1.75
449700,aBesI3vPItgV9K8KujDHhq6Ylk0T+x7OICppEE5WrKsKSJrtuu4PNDMv+jAG+wb0,3.731794,5.083783,9.494864,0,2591700,22.59272,Interactive,1,1.75
450000,aBesI3vPItgV9K8KujDHhq6Ylk0T+x7OICppEE5WrKsKSJrtuu4PNDMv+jAG+wb0,4.062507,5.163397,9.837332,0,2591700,22.59272,Interactive,1,1.75
450300,aBesI3vPItgV9K8KujDHhq6Ylk0T+x7OICppEE5WrKsKSJrtuu4PNDMv+jAG+wb0,2.780441,5.099384,10.29846,0,2591700,22.59272,Interactive,1,1.75
450600,aBesI3vPItgV9K8KujDHhq6Ylk0T+x7OICppEE5WrKsKSJrtuu4PNDMv+jAG+wb0,2.8683,5.1312,9.513638,0,2591700,22.59272,Interactive,1,1.75
450900,aBesI3vPItgV9K8KujDHhq6Ylk0T+x7OICppEE5WrKsKSJrtuu4PNDMv+jAG+wb0,3.929354,5.226262999999999,9.757461,0,2591700,22.59272,Interactive,1,1.75
451200,aBesI3vPItgV9K8KujDHhq6Ylk0T+x7OICppEE5WrKsKSJrtuu4PNDMv+jAG+wb0,3.962292,7.451701,31.228512,0,2591700,22.59272,Interactive,1,1.75
451500,aBesI3vPItgV9K8KujDHhq6Ylk0T+x7OICppEE5WrKsKSJrtuu4PNDMv+jAG+wb0,4.123865,7.527017,26.850894,0,2591700,22.59272,Interactive,1,1.75
451800,aBesI3vPItgV9K8KujDHhq6Ylk0T+x7OICppEE5WrKsKSJrtuu4PNDMv+jAG+wb0,4.098778,5.198014,9.546135,0,2591700,22.59272,Interactive,1,1.75
452100,aBesI3vPItgV9K8KujDHhq6Ylk0T+x7OICppEE5WrKsKSJrtuu4PNDMv+jAG+wb0,4.074288,5.324730000000001,9.076715,0,2591700,22.59272,Interactive,1,1.75
452400,aBesI3vPItgV9K8KujDHhq6Ylk0T+x7OICppEE5WrKsKSJrtuu4PNDMv+jAG+wb0,3.847248,5.363192,9.364371,0,2591700,22.59272,Interactive,1,1.75
452700,aBesI3vPItgV9K8KujDHhq6Ylk0T+x7OICppEE5WrKsKSJrtuu4PNDMv+jAG+wb0,4.012359,5.231073,9.298568,0,2591700,22.59272,Interactive,1,1.75
453000,aBesI3vPItgV9K8KujDHhq6Ylk0T+x7OICppEE5WrKsKSJrtuu4PNDMv+jAG+wb0,3.2766900000000003,5.275461,9.355295,0,2591700,22.59272,Interactive,1,1.75
453300,aBesI3vPItgV9K8KujDHhq6Ylk0T+x7OICppEE5WrKsKSJrtuu4PNDMv+jAG+wb0,3.57947,5.41654,9.485732,0,2591700,22.59272,Interactive,1,1.75
453600,aBesI3vPItgV9K8KujDHhq6Ylk0T+x7OICppEE5WrKsKSJrtuu4PNDMv+jAG+wb0,4.128107,5.224923,9.965613,0,2591700,22.59272,Interactive,1,1.75
453900,aBesI3vPItgV9K8KujDHhq6Ylk0T+x7OICppEE5WrKsKSJrtuu4PNDMv+jAG+wb0,3.331778,4.766554,6.46624,0,2591700,22.59272,Interactive,1,1.75
454200,aBesI3vPItgV9K8KujDHhq6Ylk0T+x7OICppEE5WrKsKSJrtuu4PNDMv+jAG+wb0,3.895863,5.397378,9.613174,0,2591700,22.59272,Interactive,1,1.75
454500,aBesI3vPItgV9K8KujDHhq6Ylk0T+x7OICppEE5WrKsKSJrtuu4PNDMv+jAG+wb0,3.325965,5.195508,9.411813,0,2591700,22.59272,Interactive,1,1.75
454800,aBesI3vPItgV9K8KujDHhq6Ylk0T+x7OICppEE5WrKsKSJrtuu4PNDMv+jAG+wb0,4.194848,5.36375,9.470795,0,2591700,22.59272,Interactive,1,1.75
455100,aBesI3vPItgV9K8KujDHhq6Ylk0T+x7OICppEE5WrKsKSJrtuu4PNDMv+jAG+wb0,4.095541000000001,7.89826,19.900136,0,2591700,22.59272,Interactive,1,1.75
455400,aBesI3vPItgV9K8KujDHhq6Ylk0T+x7OICppEE5WrKsKSJrtuu4PNDMv+jAG+wb0,4.128712999999999,5.211536,9.505869,0,2591700,22.59272,Interactive,1,1.75
455700,aBesI3vPItgV9K8KujDHhq6Ylk0T+x7OICppEE5WrKsKSJrtuu4PNDMv+jAG+wb0,3.240071,5.201777,9.150577,0,2591700,22.59272,Interactive,1,1.75
456000,aBesI3vPItgV9K8KujDHhq6Ylk0T+x7OICppEE5WrKsKSJrtuu4PNDMv+jAG+wb0,3.130298,5.222454,9.581729,0,2591700,22.59272,Interactive,1,1.75
456300,aBesI3vPItgV9K8KujDHhq6Ylk0T+x7OICppEE5WrKsKSJrtuu4PNDMv+jAG+wb0,3.845183,5.176462,9.283295,0,2591700,22.59272,Interactive,1,1.75
456600,aBesI3vPItgV9K8KujDHhq6Ylk0T+x7OICppEE5WrKsKSJrtuu4PNDMv+jAG+wb0,3.968666,5.149967,7.237255999999999,0,2591700,22.59272,Interactive,1,1.75
456900,aBesI3vPItgV9K8KujDHhq6Ylk0T+x7OICppEE5WrKsKSJrtuu4PNDMv+jAG+wb0,4.003973,5.367678,9.358312,0,2591700,22.59272,Interactive,1,1.75
457200,aBesI3vPItgV9K8KujDHhq6Ylk0T+x7OICppEE5WrKsKSJrtuu4PNDMv+jAG+wb0,3.055159,5.122516,9.562948,0,2591700,22.59272,Interactive,1,1.75
457500,aBesI3vPItgV9K8KujDHhq6Ylk0T+x7OICppEE5WrKsKSJrtuu4PNDMv+jAG+wb0,3.89937,5.328801,9.187639,0,2591700,22.59272,Interactive,1,1.75
457800,aBesI3vPItgV9K8KujDHhq6Ylk0T+x7OICppEE5WrKsKSJrtuu4PNDMv+jAG+wb0,3.169838,5.24325,9.631302,0,2591700,22.59272,Interactive,1,1.75
458100,aBesI3vPItgV9K8KujDHhq6Ylk0T+x7OICppEE5WrKsKSJrtuu4PNDMv+jAG+wb0,3.980942,5.245871,9.478685,0,2591700,22.59272,Interactive,1,1.75
458400,aBesI3vPItgV9K8KujDHhq6Ylk0T+x7OICppEE5WrKsKSJrtuu4PNDMv+jAG+wb0,3.870887,5.531571,9.56839,0,2591700,22.59272,Interactive,1,1.75
458700,aBesI3vPItgV9K8KujDHhq6Ylk0T+x7OICppEE5WrKsKSJrtuu4PNDMv+jAG+wb0,3.822361,7.495713,24.869618,0,2591700,22.59272,Interactive,1,1.75
459000,aBesI3vPItgV9K8KujDHhq6Ylk0T+x7OICppEE5WrKsKSJrtuu4PNDMv+jAG+wb0,3.840695,5.199051,9.661556,0,2591700,22.59272,Interactive,1,1.75
459300,aBesI3vPItgV9K8KujDHhq6Ylk0T+x7OICppEE5WrKsKSJrtuu4PNDMv+jAG+wb0,2.898437,5.211908,8.125062,0,2591700,22.59272,Interactive,1,1.75
459600,aBesI3vPItgV9K8KujDHhq6Ylk0T+x7OICppEE5WrKsKSJrtuu4PNDMv+jAG+wb0,4.320732,5.382680000000001,9.638252,0,2591700,22.59272,Interactive,1,1.75
459900,aBesI3vPItgV9K8KujDHhq6Ylk0T+x7OICppEE5WrKsKSJrtuu4PNDMv+jAG+wb0,2.839258,5.1692540000000005,9.725447,0,2591700,22.59272,Interactive,1,1.75
460200,aBesI3vPItgV9K8KujDHhq6Ylk0T+x7OICppEE5WrKsKSJrtuu4PNDMv+jAG+wb0,3.850672,5.673574,9.428254,0,2591700,22.59272,Interactive,1,1.75
460500,aBesI3vPItgV9K8KujDHhq6Ylk0T+x7OICppEE5WrKsKSJrtuu4PNDMv+jAG+wb0,2.9195830000000003,5.1034,9.38509,0,2591700,22.59272,Interactive,1,1.75
460800,aBesI3vPItgV9K8KujDHhq6Ylk0T+x7OICppEE5WrKsKSJrtuu4PNDMv+jAG+wb0,4.002621,5.310512,10.911624,0,2591700,22.59272,Interactive,1,1.75
461100,aBesI3vPItgV9K8KujDHhq6Ylk0T+x7OICppEE5WrKsKSJrtuu4PNDMv+jAG+wb0,3.005356,5.223612999999999,9.251266,0,2591700,22.59272,Interactive,1,1.75
461400,aBesI3vPItgV9K8KujDHhq6Ylk0T+x7OICppEE5WrKsKSJrtuu4PNDMv+jAG+wb0,3.659906,5.807901,9.4502,0,2591700,22.59272,Interactive,1,1.75
461700,aBesI3vPItgV9K8KujDHhq6Ylk0T+x7OICppEE5WrKsKSJrtuu4PNDMv+jAG+wb0,4.020439,5.801601,10.779863,0,2591700,22.59272,Interactive,1,1.75
462000,aBesI3vPItgV9K8KujDHhq6Ylk0T+x7OICppEE5WrKsKSJrtuu4PNDMv+jAG+wb0,3.991554,16.075014000000003,69.51674200000001,0,2591700,22.59272,Interactive,1,1.75
462300,aBesI3vPItgV9K8KujDHhq6Ylk0T+x7OICppEE5WrKsKSJrtuu4PNDMv+jAG+wb0,3.959374,7.461257000000001,26.769065,0,2591700,22.59272,Interactive,1,1.75
462600,aBesI3vPItgV9K8KujDHhq6Ylk0T+x7OICppEE5WrKsKSJrtuu4PNDMv+jAG+wb0,2.970565,5.322306,11.116349,0,2591700,22.59272,Interactive,1,1.75
462900,aBesI3vPItgV9K8KujDHhq6Ylk0T+x7OICppEE5WrKsKSJrtuu4PNDMv+jAG+wb0,4.046099,5.365222,9.13301,0,2591700,22.59272,Interactive,1,1.75
463200,aBesI3vPItgV9K8KujDHhq6Ylk0T+x7OICppEE5WrKsKSJrtuu4PNDMv+jAG+wb0,2.889599,5.819026,13.361832,0,2591700,22.59272,Interactive,1,1.75
463500,aBesI3vPItgV9K8KujDHhq6Ylk0T+x7OICppEE5WrKsKSJrtuu4PNDMv+jAG+wb0,3.972605,5.34779,10.971147,0,2591700,22.59272,Interactive,1,1.75
463800,aBesI3vPItgV9K8KujDHhq6Ylk0T+x7OICppEE5WrKsKSJrtuu4PNDMv+jAG+wb0,2.875092,5.21048,9.255589,0,2591700,22.59272,Interactive,1,1.75
464100,aBesI3vPItgV9K8KujDHhq6Ylk0T+x7OICppEE5WrKsKSJrtuu4PNDMv+jAG+wb0,4.449626,5.489857,9.413651,0,2591700,22.59272,Interactive,1,1.75
464400,aBesI3vPItgV9K8KujDHhq6Ylk0T+x7OICppEE5WrKsKSJrtuu4PNDMv+jAG+wb0,4.032559,5.429366,10.956764,0,2591700,22.59272,Interactive,1,1.75
464700,aBesI3vPItgV9K8KujDHhq6Ylk0T+x7OICppEE5WrKsKSJrtuu4PNDMv+jAG+wb0,2.925091,4.717959,6.494658,0,2591700,22.59272,Interactive,1,1.75
465000,aBesI3vPItgV9K8KujDHhq6Ylk0T+x7OICppEE5WrKsKSJrtuu4PNDMv+jAG+wb0,3.968784,5.216051,9.717885,0,2591700,22.59272,Interactive,1,1.75
465300,aBesI3vPItgV9K8KujDHhq6Ylk0T+x7OICppEE5WrKsKSJrtuu4PNDMv+jAG+wb0,3.401072,5.574077,12.244448,0,2591700,22.59272,Interactive,1,1.75
465600,aBesI3vPItgV9K8KujDHhq6Ylk0T+x7OICppEE5WrKsKSJrtuu4PNDMv+jAG+wb0,4.01514,6.291994,9.737014,0,2591700,22.59272,Interactive,1,1.75
465900,aBesI3vPItgV9K8KujDHhq6Ylk0T+x7OICppEE5WrKsKSJrtuu4PNDMv+jAG+wb0,3.3637370000000004,7.308127000000001,23.589698,0,2591700,22.59272,Interactive,1,1.75
466200,aBesI3vPItgV9K8KujDHhq6Ylk0T+x7OICppEE5WrKsKSJrtuu4PNDMv+jAG+wb0,4.014499,5.467605000000001,11.348506,0,2591700,22.59272,Interactive,1,1.75
466500,aBesI3vPItgV9K8KujDHhq6Ylk0T+x7OICppEE5WrKsKSJrtuu4PNDMv+jAG+wb0,3.366464,5.27451,9.415321,0,2591700,22.59272,Interactive,1,1.75
466800,aBesI3vPItgV9K8KujDHhq6Ylk0T+x7OICppEE5WrKsKSJrtuu4PNDMv+jAG+wb0,4.2419910000000005,5.235591,9.932337,0,2591700,22.59272,Interactive,1,1.75
467100,aBesI3vPItgV9K8KujDHhq6Ylk0T+x7OICppEE5WrKsKSJrtuu4PNDMv+jAG+wb0,4.014393,6.079301999999999,12.126999,0,2591700,22.59272,Interactive,1,1.75
467400,aBesI3vPItgV9K8KujDHhq6Ylk0T+x7OICppEE5WrKsKSJrtuu4PNDMv+jAG+wb0,4.058714,5.602687,7.063217,0,2591700,22.59272,Interactive,1,1.75
467700,aBesI3vPItgV9K8KujDHhq6Ylk0T+x7OICppEE5WrKsKSJrtuu4PNDMv+jAG+wb0,3.954923,5.781998000000001,9.582833,0,2591700,22.59272,Interactive,1,1.75
468000,aBesI3vPItgV9K8KujDHhq6Ylk0T+x7OICppEE5WrKsKSJrtuu4PNDMv+jAG+wb0,3.535339,5.8428260000000005,13.774159,0,2591700,22.59272,Interactive,1,1.75
468300,aBesI3vPItgV9K8KujDHhq6Ylk0T+x7OICppEE5WrKsKSJrtuu4PNDMv+jAG+wb0,3.886885,5.29292,9.412013,0,2591700,22.59272,Interactive,1,1.75
468600,aBesI3vPItgV9K8KujDHhq6Ylk0T+x7OICppEE5WrKsKSJrtuu4PNDMv+jAG+wb0,4.051973,5.331709,9.782471,0,2591700,22.59272,Interactive,1,1.75
468900,aBesI3vPItgV9K8KujDHhq6Ylk0T+x7OICppEE5WrKsKSJrtuu4PNDMv+jAG+wb0,3.970748,5.326544,10.071235,0,2591700,22.59272,Interactive,1,1.75
469200,aBesI3vPItgV9K8KujDHhq6Ylk0T+x7OICppEE5WrKsKSJrtuu4PNDMv+jAG+wb0,2.690534,5.141606,9.746553,0,2591700,22.59272,Interactive,1,1.75
469500,aBesI3vPItgV9K8KujDHhq6Ylk0T+x7OICppEE5WrKsKSJrtuu4PNDMv+jAG+wb0,3.668015,7.753699,27.953885,0,2591700,22.59272,Interactive,1,1.75
469800,aBesI3vPItgV9K8KujDHhq6Ylk0T+x7OICppEE5WrKsKSJrtuu4PNDMv+jAG+wb0,4.136921,5.628684,9.834596,0,2591700,22.59272,Interactive,1,1.75
470100,aBesI3vPItgV9K8KujDHhq6Ylk0T+x7OICppEE5WrKsKSJrtuu4PNDMv+jAG+wb0,2.8237520000000003,4.898833,6.3067150000000005,0,2591700,22.59272,Interactive,1,1.75
470400,aBesI3vPItgV9K8KujDHhq6Ylk0T+x7OICppEE5WrKsKSJrtuu4PNDMv+jAG+wb0,3.914901,5.254428,9.728995,0,2591700,22.59272,Interactive,1,1.75
470700,aBesI3vPItgV9K8KujDHhq6Ylk0T+x7OICppEE5WrKsKSJrtuu4PNDMv+jAG+wb0,3.01245,5.277508,9.671462,0,2591700,22.59272,Interactive,1,1.75
471000,aBesI3vPItgV9K8KujDHhq6Ylk0T+x7OICppEE5WrKsKSJrtuu4PNDMv+jAG+wb0,4.009575,5.365248,9.853486,0,2591700,22.59272,Interactive,1,1.75
471300,aBesI3vPItgV9K8KujDHhq6Ylk0T+x7OICppEE5WrKsKSJrtuu4PNDMv+jAG+wb0,3.195319,5.10508,9.61884,0,2591700,22.59272,Interactive,1,1.75
471600,aBesI3vPItgV9K8KujDHhq6Ylk0T+x7OICppEE5WrKsKSJrtuu4PNDMv+jAG+wb0,3.924938,5.7537,9.715124,0,2591700,22.59272,Interactive,1,1.75
471900,aBesI3vPItgV9K8KujDHhq6Ylk0T+x7OICppEE5WrKsKSJrtuu4PNDMv+jAG+wb0,4.024679,5.975516000000001,10.024009,0,2591700,22.59272,Interactive,1,1.75
472200,aBesI3vPItgV9K8KujDHhq6Ylk0T+x7OICppEE5WrKsKSJrtuu4PNDMv+jAG+wb0,3.989215,5.441473,10.295014,0,2591700,22.59272,Interactive,1,1.75
472500,aBesI3vPItgV9K8KujDHhq6Ylk0T+x7OICppEE5WrKsKSJrtuu4PNDMv+jAG+wb0,4.169622,6.126354,10.240147,0,2591700,22.59272,Interactive,1,1.75
472800,aBesI3vPItgV9K8KujDHhq6Ylk0T+x7OICppEE5WrKsKSJrtuu4PNDMv+jAG+wb0,2.728742,4.754008,5.914848999999999,0,2591700,22.59272,Interactive,1,1.75
473100,aBesI3vPItgV9K8KujDHhq6Ylk0T+x7OICppEE5WrKsKSJrtuu4PNDMv+jAG+wb0,4.226723000000001,8.227935,23.138101,0,2591700,22.59272,Interactive,1,1.75
473400,aBesI3vPItgV9K8KujDHhq6Ylk0T+x7OICppEE5WrKsKSJrtuu4PNDMv+jAG+wb0,4.21905,5.557123000000001,10.302379,0,2591700,22.59272,Interactive,1,1.75
473700,aBesI3vPItgV9K8KujDHhq6Ylk0T+x7OICppEE5WrKsKSJrtuu4PNDMv+jAG+wb0,4.0185580000000005,5.506786,9.843641,0,2591700,22.59272,Interactive,1,1.75
474000,aBesI3vPItgV9K8KujDHhq6Ylk0T+x7OICppEE5WrKsKSJrtuu4PNDMv+jAG+wb0,3.502996,5.172767,10.114928,0,2591700,22.59272,Interactive,1,1.75
474300,aBesI3vPItgV9K8KujDHhq6Ylk0T+x7OICppEE5WrKsKSJrtuu4PNDMv+jAG+wb0,4.132704,5.404254,9.770354,0,2591700,22.59272,Interactive,1,1.75
474600,aBesI3vPItgV9K8KujDHhq6Ylk0T+x7OICppEE5WrKsKSJrtuu4PNDMv+jAG+wb0,3.495912,5.308098,9.884962,0,2591700,22.59272,Interactive,1,1.75
474900,aBesI3vPItgV9K8KujDHhq6Ylk0T+x7OICppEE5WrKsKSJrtuu4PNDMv+jAG+wb0,4.10965,5.490492,9.856912,0,2591700,22.59272,Interactive,1,1.75
475200,aBesI3vPItgV9K8KujDHhq6Ylk0T+x7OICppEE5WrKsKSJrtuu4PNDMv+jAG+wb0,4.1998690000000005,5.39925,9.961999,0,2591700,22.59272,Interactive,1,1.75
475500,aBesI3vPItgV9K8KujDHhq6Ylk0T+x7OICppEE5WrKsKSJrtuu4PNDMv+jAG+wb0,3.21013,4.704046,5.843495,0,2591700,22.59272,Interactive,1,1.75
475800,aBesI3vPItgV9K8KujDHhq6Ylk0T+x7OICppEE5WrKsKSJrtuu4PNDMv+jAG+wb0,4.138115,5.234287,9.823886,0,2591700,22.59272,Interactive,1,1.75
476100,aBesI3vPItgV9K8KujDHhq6Ylk0T+x7OICppEE5WrKsKSJrtuu4PNDMv+jAG+wb0,4.121811,5.731739,9.885877,0,2591700,22.59272,Interactive,1,1.75
476400,aBesI3vPItgV9K8KujDHhq6Ylk0T+x7OICppEE5WrKsKSJrtuu4PNDMv+jAG+wb0,4.029249,5.307071,9.873997,0,2591700,22.59272,Interactive,1,1.75
476700,aBesI3vPItgV9K8KujDHhq6Ylk0T+x7OICppEE5WrKsKSJrtuu4PNDMv+jAG+wb0,3.504887,7.318631,30.876816,0,2591700,22.59272,Interactive,1,1.75
477000,aBesI3vPItgV9K8KujDHhq6Ylk0T+x7OICppEE5WrKsKSJrtuu4PNDMv+jAG+wb0,4.118846,5.392848000000001,10.149045,0,2591700,22.59272,Interactive,1,1.75
477300,aBesI3vPItgV9K8KujDHhq6Ylk0T+x7OICppEE5WrKsKSJrtuu4PNDMv+jAG+wb0,4.204687,5.775964,9.994144,0,2591700,22.59272,Interactive,1,1.75
477600,aBesI3vPItgV9K8KujDHhq6Ylk0T+x7OICppEE5WrKsKSJrtuu4PNDMv+jAG+wb0,4.161641,5.453180000000001,11.345543,0,2591700,22.59272,Interactive,1,1.75
477900,aBesI3vPItgV9K8KujDHhq6Ylk0T+x7OICppEE5WrKsKSJrtuu4PNDMv+jAG+wb0,4.144648999999999,5.339896,9.998207,0,2591700,22.59272,Interactive,1,1.75
478200,aBesI3vPItgV9K8KujDHhq6Ylk0T+x7OICppEE5WrKsKSJrtuu4PNDMv+jAG+wb0,4.1220550000000005,4.675404,5.672739,0,2591700,22.59272,Interactive,1,1.75
478500,aBesI3vPItgV9K8KujDHhq6Ylk0T+x7OICppEE5WrKsKSJrtuu4PNDMv+jAG+wb0,4.15698,5.88117,11.050564,0,2591700,22.59272,Interactive,1,1.75
478800,aBesI3vPItgV9K8KujDHhq6Ylk0T+x7OICppEE5WrKsKSJrtuu4PNDMv+jAG+wb0,4.151436,5.636891,10.042784,0,2591700,22.59272,Interactive,1,1.75
479100,aBesI3vPItgV9K8KujDHhq6Ylk0T+x7OICppEE5WrKsKSJrtuu4PNDMv+jAG+wb0,4.155761,5.263848,9.522019,0,2591700,22.59272,Interactive,1,1.75
479400,aBesI3vPItgV9K8KujDHhq6Ylk0T+x7OICppEE5WrKsKSJrtuu4PNDMv+jAG+wb0,3.040401,5.169787,11.244635,0,2591700,22.59272,Interactive,1,1.75
479700,aBesI3vPItgV9K8KujDHhq6Ylk0T+x7OICppEE5WrKsKSJrtuu4PNDMv+jAG+wb0,4.252684,7.948983,26.523519,0,2591700,22.59272,Interactive,1,1.75
480000,aBesI3vPItgV9K8KujDHhq6Ylk0T+x7OICppEE5WrKsKSJrtuu4PNDMv+jAG+wb0,3.336411,5.35663,9.959903,0,2591700,22.59272,Interactive,1,1.75
480300,aBesI3vPItgV9K8KujDHhq6Ylk0T+x7OICppEE5WrKsKSJrtuu4PNDMv+jAG+wb0,4.009224,8.02918,21.009209,0,2591700,22.59272,Interactive,1,1.75
480600,aBesI3vPItgV9K8KujDHhq6Ylk0T+x7OICppEE5WrKsKSJrtuu4PNDMv+jAG+wb0,4.313308,5.580146,10.227748,0,2591700,22.59272,Interactive,1,1.75
480900,aBesI3vPItgV9K8KujDHhq6Ylk0T+x7OICppEE5WrKsKSJrtuu4PNDMv+jAG+wb0,3.616164,5.689232,9.499464,0,2591700,22.59272,Interactive,1,1.75
481200,aBesI3vPItgV9K8KujDHhq6Ylk0T+x7OICppEE5WrKsKSJrtuu4PNDMv+jAG+wb0,4.264985,5.392486,11.108883,0,2591700,22.59272,Interactive,1,1.75
481500,aBesI3vPItgV9K8KujDHhq6Ylk0T+x7OICppEE5WrKsKSJrtuu4PNDMv+jAG+wb0,4.290985,7.724734,18.743612,0,2591700,22.59272,Interactive,1,1.75
481800,aBesI3vPItgV9K8KujDHhq6Ylk0T+x7OICppEE5WrKsKSJrtuu4PNDMv+jAG+wb0,4.225359,5.188217,9.585107,0,2591700,22.59272,Interactive,1,1.75
482100,aBesI3vPItgV9K8KujDHhq6Ylk0T+x7OICppEE5WrKsKSJrtuu4PNDMv+jAG+wb0,4.025519,5.368139,10.931301,0,2591700,22.59272,Interactive,1,1.75
482400,aBesI3vPItgV9K8KujDHhq6Ylk0T+x7OICppEE5WrKsKSJrtuu4PNDMv+jAG+wb0,3.988323,5.404372,10.384397,0,2591700,22.59272,Interactive,1,1.75
482700,aBesI3vPItgV9K8KujDHhq6Ylk0T+x7OICppEE5WrKsKSJrtuu4PNDMv+jAG+wb0,4.180469,5.575103,9.387522,0,2591700,22.59272,Interactive,1,1.75
483000,aBesI3vPItgV9K8KujDHhq6Ylk0T+x7OICppEE5WrKsKSJrtuu4PNDMv+jAG+wb0,3.550061,5.222376000000001,11.268186,0,2591700,22.59272,Interactive,1,1.75
483300,aBesI3vPItgV9K8KujDHhq6Ylk0T+x7OICppEE5WrKsKSJrtuu4PNDMv+jAG+wb0,4.197991,5.725525,10.214066,0,2591700,22.59272,Interactive,1,1.75
483600,aBesI3vPItgV9K8KujDHhq6Ylk0T+x7OICppEE5WrKsKSJrtuu4PNDMv+jAG+wb0,4.090305,6.381908999999999,15.806989000000002,0,2591700,22.59272,Interactive,1,1.75
483900,aBesI3vPItgV9K8KujDHhq6Ylk0T+x7OICppEE5WrKsKSJrtuu4PNDMv+jAG+wb0,4.022144,7.617833999999999,25.55027,0,2591700,22.59272,Interactive,1,1.75
484200,aBesI3vPItgV9K8KujDHhq6Ylk0T+x7OICppEE5WrKsKSJrtuu4PNDMv+jAG+wb0,3.916445,6.703199000000001,16.408141,0,2591700,22.59272,Interactive,1,1.75
484500,aBesI3vPItgV9K8KujDHhq6Ylk0T+x7OICppEE5WrKsKSJrtuu4PNDMv+jAG+wb0,4.12374,5.302924,9.403229,0,2591700,22.59272,Interactive,1,1.75
484800,aBesI3vPItgV9K8KujDHhq6Ylk0T+x7OICppEE5WrKsKSJrtuu4PNDMv+jAG+wb0,3.031381,5.173668,11.101352,0,2591700,22.59272,Interactive,1,1.75
485100,aBesI3vPItgV9K8KujDHhq6Ylk0T+x7OICppEE5WrKsKSJrtuu4PNDMv+jAG+wb0,4.193011,5.668283,12.98122,0,2591700,22.59272,Interactive,1,1.75
485400,aBesI3vPItgV9K8KujDHhq6Ylk0T+x7OICppEE5WrKsKSJrtuu4PNDMv+jAG+wb0,4.329517,6.14132,14.672076,0,2591700,22.59272,Interactive,1,1.75
485700,aBesI3vPItgV9K8KujDHhq6Ylk0T+x7OICppEE5WrKsKSJrtuu4PNDMv+jAG+wb0,4.403651,6.058624,10.734626,0,2591700,22.59272,Interactive,1,1.75
486000,aBesI3vPItgV9K8KujDHhq6Ylk0T+x7OICppEE5WrKsKSJrtuu4PNDMv+jAG+wb0,3.926179,5.474663,10.02497,0,2591700,22.59272,Interactive,1,1.75
486300,aBesI3vPItgV9K8KujDHhq6Ylk0T+x7OICppEE5WrKsKSJrtuu4PNDMv+jAG+wb0,2.708244,6.101196,9.525087,0,2591700,22.59272,Interactive,1,1.75
486600,aBesI3vPItgV9K8KujDHhq6Ylk0T+x7OICppEE5WrKsKSJrtuu4PNDMv+jAG+wb0,4.502051,6.918105000000001,12.856046,0,2591700,22.59272,Interactive,1,1.75
486900,aBesI3vPItgV9K8KujDHhq6Ylk0T+x7OICppEE5WrKsKSJrtuu4PNDMv+jAG+wb0,3.990131,6.726197,11.627664,0,2591700,22.59272,Interactive,1,1.75
487200,aBesI3vPItgV9K8KujDHhq6Ylk0T+x7OICppEE5WrKsKSJrtuu4PNDMv+jAG+wb0,4.231095,5.555064,11.411149,0,2591700,22.59272,Interactive,1,1.75
487500,aBesI3vPItgV9K8KujDHhq6Ylk0T+x7OICppEE5WrKsKSJrtuu4PNDMv+jAG+wb0,2.869574,7.843248,25.649417,0,2591700,22.59272,Interactive,1,1.75
487800,aBesI3vPItgV9K8KujDHhq6Ylk0T+x7OICppEE5WrKsKSJrtuu4PNDMv+jAG+wb0,3.76206,5.408224,9.970681,0,2591700,22.59272,Interactive,1,1.75
488100,aBesI3vPItgV9K8KujDHhq6Ylk0T+x7OICppEE5WrKsKSJrtuu4PNDMv+jAG+wb0,4.071152,5.700631,10.045607,0,2591700,22.59272,Interactive,1,1.75
488400,aBesI3vPItgV9K8KujDHhq6Ylk0T+x7OICppEE5WrKsKSJrtuu4PNDMv+jAG+wb0,4.191736,6.784934,18.886488,0,2591700,22.59272,Interactive,1,1.75
488700,aBesI3vPItgV9K8KujDHhq6Ylk0T+x7OICppEE5WrKsKSJrtuu4PNDMv+jAG+wb0,4.024681,5.661161,11.777831,0,2591700,22.59272,Interactive,1,1.75
489000,aBesI3vPItgV9K8KujDHhq6Ylk0T+x7OICppEE5WrKsKSJrtuu4PNDMv+jAG+wb0,2.791506,5.501961,10.069427,0,2591700,22.59272,Interactive,1,1.75
489300,aBesI3vPItgV9K8KujDHhq6Ylk0T+x7OICppEE5WrKsKSJrtuu4PNDMv+jAG+wb0,4.312854,5.468971,9.679106,0,2591700,22.59272,Interactive,1,1.75
489600,aBesI3vPItgV9K8KujDHhq6Ylk0T+x7OICppEE5WrKsKSJrtuu4PNDMv+jAG+wb0,3.3544480000000005,7.099495,15.204370999999998,0,2591700,22.59272,Interactive,1,1.75
489900,aBesI3vPItgV9K8KujDHhq6Ylk0T+x7OICppEE5WrKsKSJrtuu4PNDMv+jAG+wb0,4.480302,7.025685,17.001816,0,2591700,22.59272,Interactive,1,1.75
490200,aBesI3vPItgV9K8KujDHhq6Ylk0T+x7OICppEE5WrKsKSJrtuu4PNDMv+jAG+wb0,3.217742,5.464501,10.123306,0,2591700,22.59272,Interactive,1,1.75
490500,aBesI3vPItgV9K8KujDHhq6Ylk0T+x7OICppEE5WrKsKSJrtuu4PNDMv+jAG+wb0,4.022684,5.681131,9.871177,0,2591700,22.59272,Interactive,1,1.75
490800,aBesI3vPItgV9K8KujDHhq6Ylk0T+x7OICppEE5WrKsKSJrtuu4PNDMv+jAG+wb0,4.022322,12.099746,34.276849,0,2591700,22.59272,Interactive,1,1.75
491100,aBesI3vPItgV9K8KujDHhq6Ylk0T+x7OICppEE5WrKsKSJrtuu4PNDMv+jAG+wb0,4.737497,8.394383,25.760554,0,2591700,22.59272,Interactive,1,1.75
491400,aBesI3vPItgV9K8KujDHhq6Ylk0T+x7OICppEE5WrKsKSJrtuu4PNDMv+jAG+wb0,4.18494,5.465622,10.139397,0,2591700,22.59272,Interactive,1,1.75
491700,aBesI3vPItgV9K8KujDHhq6Ylk0T+x7OICppEE5WrKsKSJrtuu4PNDMv+jAG+wb0,3.068185,5.133506,9.554727,0,2591700,22.59272,Interactive,1,1.75
492000,aBesI3vPItgV9K8KujDHhq6Ylk0T+x7OICppEE5WrKsKSJrtuu4PNDMv+jAG+wb0,4.203231,5.390261,9.866901,0,2591700,22.59272,Interactive,1,1.75
492300,aBesI3vPItgV9K8KujDHhq6Ylk0T+x7OICppEE5WrKsKSJrtuu4PNDMv+jAG+wb0,3.4292800000000003,5.251078,9.854508,0,2591700,22.59272,Interactive,1,1.75
492600,aBesI3vPItgV9K8KujDHhq6Ylk0T+x7OICppEE5WrKsKSJrtuu4PNDMv+jAG+wb0,4.157889,5.195379,9.58282,0,2591700,22.59272,Interactive,1,1.75
492900,aBesI3vPItgV9K8KujDHhq6Ylk0T+x7OICppEE5WrKsKSJrtuu4PNDMv+jAG+wb0,3.254384,5.25875,9.724518,0,2591700,22.59272,Interactive,1,1.75
493200,aBesI3vPItgV9K8KujDHhq6Ylk0T+x7OICppEE5WrKsKSJrtuu4PNDMv+jAG+wb0,3.964173,5.331992,10.086909,0,2591700,22.59272,Interactive,1,1.75
493500,aBesI3vPItgV9K8KujDHhq6Ylk0T+x7OICppEE5WrKsKSJrtuu4PNDMv+jAG+wb0,4.137411,5.40305,9.736978,0,2591700,22.59272,Interactive,1,1.75
493800,aBesI3vPItgV9K8KujDHhq6Ylk0T+x7OICppEE5WrKsKSJrtuu4PNDMv+jAG+wb0,4.526774,7.098883,18.90933,0,2591700,22.59272,Interactive,1,1.75
494100,aBesI3vPItgV9K8KujDHhq6Ylk0T+x7OICppEE5WrKsKSJrtuu4PNDMv+jAG+wb0,4.028971,5.331265,10.142853,0,2591700,22.59272,Interactive,1,1.75
494400,aBesI3vPItgV9K8KujDHhq6Ylk0T+x7OICppEE5WrKsKSJrtuu4PNDMv+jAG+wb0,4.178475,5.280773,10.181318,0,2591700,22.59272,Interactive,1,1.75
494700,aBesI3vPItgV9K8KujDHhq6Ylk0T+x7OICppEE5WrKsKSJrtuu4PNDMv+jAG+wb0,4.267106,7.564128999999999,25.338938,0,2591700,22.59272,Interactive,1,1.75
495000,aBesI3vPItgV9K8KujDHhq6Ylk0T+x7OICppEE5WrKsKSJrtuu4PNDMv+jAG+wb0,3.881205000000001,5.259206,10.034076,0,2591700,22.59272,Interactive,1,1.75
495300,aBesI3vPItgV9K8KujDHhq6Ylk0T+x7OICppEE5WrKsKSJrtuu4PNDMv+jAG+wb0,3.997206,5.248153,10.124686,0,2591700,22.59272,Interactive,1,1.75
495600,aBesI3vPItgV9K8KujDHhq6Ylk0T+x7OICppEE5WrKsKSJrtuu4PNDMv+jAG+wb0,3.220996,5.215192,10.024684,0,2591700,22.59272,Interactive,1,1.75
495900,aBesI3vPItgV9K8KujDHhq6Ylk0T+x7OICppEE5WrKsKSJrtuu4PNDMv+jAG+wb0,4.069689,5.823899,10.020262,0,2591700,22.59272,Interactive,1,1.75
496200,aBesI3vPItgV9K8KujDHhq6Ylk0T+x7OICppEE5WrKsKSJrtuu4PNDMv+jAG+wb0,4.013619,5.597045,11.178207,0,2591700,22.59272,Interactive,1,1.75
496500,aBesI3vPItgV9K8KujDHhq6Ylk0T+x7OICppEE5WrKsKSJrtuu4PNDMv+jAG+wb0,4.075151,6.792778,17.248831,0,2591700,22.59272,Interactive,1,1.75
496800,aBesI3vPItgV9K8KujDHhq6Ylk0T+x7OICppEE5WrKsKSJrtuu4PNDMv+jAG+wb0,3.904571,5.191617,10.615829,0,2591700,22.59272,Interactive,1,1.75
497100,aBesI3vPItgV9K8KujDHhq6Ylk0T+x7OICppEE5WrKsKSJrtuu4PNDMv+jAG+wb0,3.567849,5.310377,10.969372,0,2591700,22.59272,Interactive,1,1.75
497400,aBesI3vPItgV9K8KujDHhq6Ylk0T+x7OICppEE5WrKsKSJrtuu4PNDMv+jAG+wb0,3.983522,5.360321,9.971514,0,2591700,22.59272,Interactive,1,1.75
497700,aBesI3vPItgV9K8KujDHhq6Ylk0T+x7OICppEE5WrKsKSJrtuu4PNDMv+jAG+wb0,3.724115,5.195814,10.086598,0,2591700,22.59272,Interactive,1,1.75
498000,aBesI3vPItgV9K8KujDHhq6Ylk0T+x7OICppEE5WrKsKSJrtuu4PNDMv+jAG+wb0,4.165483999999999,5.319391,11.057667,0,2591700,22.59272,Interactive,1,1.75
498300,aBesI3vPItgV9K8KujDHhq6Ylk0T+x7OICppEE5WrKsKSJrtuu4PNDMv+jAG+wb0,4.121696,7.54928,16.190618,0,2591700,22.59272,Interactive,1,1.75
498600,aBesI3vPItgV9K8KujDHhq6Ylk0T+x7OICppEE5WrKsKSJrtuu4PNDMv+jAG+wb0,4.355215,6.603017,10.028511,0,2591700,22.59272,Interactive,1,1.75
498900,aBesI3vPItgV9K8KujDHhq6Ylk0T+x7OICppEE5WrKsKSJrtuu4PNDMv+jAG+wb0,4.058126000000001,5.577353,10.800441,0,2591700,22.59272,Interactive,1,1.75
499200,aBesI3vPItgV9K8KujDHhq6Ylk0T+x7OICppEE5WrKsKSJrtuu4PNDMv+jAG+wb0,4.5534550000000005,10.163895,40.147428000000005,0,2591700,22.59272,Interactive,1,1.75
499500,aBesI3vPItgV9K8KujDHhq6Ylk0T+x7OICppEE5WrKsKSJrtuu4PNDMv+jAG+wb0,4.27128,5.512854,9.679992,0,2591700,22.59272,Interactive,1,1.75
499800,aBesI3vPItgV9K8KujDHhq6Ylk0T+x7OICppEE5WrKsKSJrtuu4PNDMv+jAG+wb0,3.239285,5.36449,11.440174,0,2591700,22.59272,Interactive,1,1.75
500100,aBesI3vPItgV9K8KujDHhq6Ylk0T+x7OICppEE5WrKsKSJrtuu4PNDMv+jAG+wb0,3.976232,5.42441,9.900158,0,2591700,22.59272,Interactive,1,1.75
500400,aBesI3vPItgV9K8KujDHhq6Ylk0T+x7OICppEE5WrKsKSJrtuu4PNDMv+jAG+wb0,2.853962,5.002274,10.148708,0,2591700,22.59272,Interactive,1,1.75
500700,aBesI3vPItgV9K8KujDHhq6Ylk0T+x7OICppEE5WrKsKSJrtuu4PNDMv+jAG+wb0,4.235841000000001,5.385718,10.764204,0,2591700,22.59272,Interactive,1,1.75
501000,aBesI3vPItgV9K8KujDHhq6Ylk0T+x7OICppEE5WrKsKSJrtuu4PNDMv+jAG+wb0,3.679048,5.455444,11.261041,0,2591700,22.59272,Interactive,1,1.75
501300,aBesI3vPItgV9K8KujDHhq6Ylk0T+x7OICppEE5WrKsKSJrtuu4PNDMv+jAG+wb0,4.184991,5.30976,9.618931,0,2591700,22.59272,Interactive,1,1.75
501600,aBesI3vPItgV9K8KujDHhq6Ylk0T+x7OICppEE5WrKsKSJrtuu4PNDMv+jAG+wb0,4.22192,5.340197,11.06436,0,2591700,22.59272,Interactive,1,1.75
501900,aBesI3vPItgV9K8KujDHhq6Ylk0T+x7OICppEE5WrKsKSJrtuu4PNDMv+jAG+wb0,3.827411,5.334397,9.645538,0,2591700,22.59272,Interactive,1,1.75
502200,aBesI3vPItgV9K8KujDHhq6Ylk0T+x7OICppEE5WrKsKSJrtuu4PNDMv+jAG+wb0,4.040899,5.163447,9.949233,0,2591700,22.59272,Interactive,1,1.75
502500,aBesI3vPItgV9K8KujDHhq6Ylk0T+x7OICppEE5WrKsKSJrtuu4PNDMv+jAG+wb0,3.694195,5.243648,10.776645,0,2591700,22.59272,Interactive,1,1.75
502800,aBesI3vPItgV9K8KujDHhq6Ylk0T+x7OICppEE5WrKsKSJrtuu4PNDMv+jAG+wb0,4.062117,5.355803,10.071117,0,2591700,22.59272,Interactive,1,1.75
503100,aBesI3vPItgV9K8KujDHhq6Ylk0T+x7OICppEE5WrKsKSJrtuu4PNDMv+jAG+wb0,3.4711760000000003,5.131133,10.268862,0,2591700,22.59272,Interactive,1,1.75
503400,aBesI3vPItgV9K8KujDHhq6Ylk0T+x7OICppEE5WrKsKSJrtuu4PNDMv+jAG+wb0,4.223408,5.296479,10.829985,0,2591700,22.59272,Interactive,1,1.75
503700,aBesI3vPItgV9K8KujDHhq6Ylk0T+x7OICppEE5WrKsKSJrtuu4PNDMv+jAG+wb0,3.968196,5.273925,9.823834,0,2591700,22.59272,Interactive,1,1.75
504000,aBesI3vPItgV9K8KujDHhq6Ylk0T+x7OICppEE5WrKsKSJrtuu4PNDMv+jAG+wb0,4.062897,5.213268,9.801405,0,2591700,22.59272,Interactive,1,1.75
504300,aBesI3vPItgV9K8KujDHhq6Ylk0T+x7OICppEE5WrKsKSJrtuu4PNDMv+jAG+wb0,4.07965,5.116386,9.687726,0,2591700,22.59272,Interactive,1,1.75
504600,aBesI3vPItgV9K8KujDHhq6Ylk0T+x7OICppEE5WrKsKSJrtuu4PNDMv+jAG+wb0,4.159206,5.271105,10.340027,0,2591700,22.59272,Interactive,1,1.75
504900,aBesI3vPItgV9K8KujDHhq6Ylk0T+x7OICppEE5WrKsKSJrtuu4PNDMv+jAG+wb0,4.100588,5.249917,9.666036,0,2591700,22.59272,Interactive,1,1.75
505200,aBesI3vPItgV9K8KujDHhq6Ylk0T+x7OICppEE5WrKsKSJrtuu4PNDMv+jAG+wb0,3.259742,5.160311,9.792047,0,2591700,22.59272,Interactive,1,1.75
505500,aBesI3vPItgV9K8KujDHhq6Ylk0T+x7OICppEE5WrKsKSJrtuu4PNDMv+jAG+wb0,4.260864,7.393996,25.192901000000003,0,2591700,22.59272,Interactive,1,1.75
505800,aBesI3vPItgV9K8KujDHhq6Ylk0T+x7OICppEE5WrKsKSJrtuu4PNDMv+jAG+wb0,2.847672,5.013247,10.079688,0,2591700,22.59272,Interactive,1,1.75
506100,aBesI3vPItgV9K8KujDHhq6Ylk0T+x7OICppEE5WrKsKSJrtuu4PNDMv+jAG+wb0,4.105315,5.414828,9.452867,0,2591700,22.59272,Interactive,1,1.75
506400,aBesI3vPItgV9K8KujDHhq6Ylk0T+x7OICppEE5WrKsKSJrtuu4PNDMv+jAG+wb0,4.189096,5.21244,10.076256,0,2591700,22.59272,Interactive,1,1.75
506700,aBesI3vPItgV9K8KujDHhq6Ylk0T+x7OICppEE5WrKsKSJrtuu4PNDMv+jAG+wb0,4.109245,5.222091000000001,9.444306,0,2591700,22.59272,Interactive,1,1.75
507000,aBesI3vPItgV9K8KujDHhq6Ylk0T+x7OICppEE5WrKsKSJrtuu4PNDMv+jAG+wb0,4.265323,5.275729,9.529,0,2591700,22.59272,Interactive,1,1.75
507300,aBesI3vPItgV9K8KujDHhq6Ylk0T+x7OICppEE5WrKsKSJrtuu4PNDMv+jAG+wb0,3.251169,5.250462000000001,9.760903,0,2591700,22.59272,Interactive,1,1.75
507600,aBesI3vPItgV9K8KujDHhq6Ylk0T+x7OICppEE5WrKsKSJrtuu4PNDMv+jAG+wb0,4.100795,5.230375,9.7481,0,2591700,22.59272,Interactive,1,1.75
507900,aBesI3vPItgV9K8KujDHhq6Ylk0T+x7OICppEE5WrKsKSJrtuu4PNDMv+jAG+wb0,3.67719,5.18295,9.473226,0,2591700,22.59272,Interactive,1,1.75
508200,aBesI3vPItgV9K8KujDHhq6Ylk0T+x7OICppEE5WrKsKSJrtuu4PNDMv+jAG+wb0,4.436977,6.149936,12.102968,0,2591700,22.59272,Interactive,1,1.75
508500,aBesI3vPItgV9K8KujDHhq6Ylk0T+x7OICppEE5WrKsKSJrtuu4PNDMv+jAG+wb0,3.973488,5.660082,10.242401,0,2591700,22.59272,Interactive,1,1.75
508800,aBesI3vPItgV9K8KujDHhq6Ylk0T+x7OICppEE5WrKsKSJrtuu4PNDMv+jAG+wb0,4.331307,5.389843,9.995825,0,2591700,22.59272,Interactive,1,1.75
509100,aBesI3vPItgV9K8KujDHhq6Ylk0T+x7OICppEE5WrKsKSJrtuu4PNDMv+jAG+wb0,3.57662,5.261167,10.049307,0,2591700,22.59272,Interactive,1,1.75
509400,aBesI3vPItgV9K8KujDHhq6Ylk0T+x7OICppEE5WrKsKSJrtuu4PNDMv+jAG+wb0,3.946930000000001,7.376533999999999,26.289226,0,2591700,22.59272,Interactive,1,1.75
509700,aBesI3vPItgV9K8KujDHhq6Ylk0T+x7OICppEE5WrKsKSJrtuu4PNDMv+jAG+wb0,4.195144,5.22239,9.516779,0,2591700,22.59272,Interactive,1,1.75
510000,aBesI3vPItgV9K8KujDHhq6Ylk0T+x7OICppEE5WrKsKSJrtuu4PNDMv+jAG+wb0,4.074609,5.269496,10.163331,0,2591700,22.59272,Interactive,1,1.75
510300,aBesI3vPItgV9K8KujDHhq6Ylk0T+x7OICppEE5WrKsKSJrtuu4PNDMv+jAG+wb0,4.2969800000000005,5.274821,9.477319,0,2591700,22.59272,Interactive,1,1.75
510600,aBesI3vPItgV9K8KujDHhq6Ylk0T+x7OICppEE5WrKsKSJrtuu4PNDMv+jAG+wb0,3.991985,5.220784,9.768622,0,2591700,22.59272,Interactive,1,1.75
510900,aBesI3vPItgV9K8KujDHhq6Ylk0T+x7OICppEE5WrKsKSJrtuu4PNDMv+jAG+wb0,4.140757,5.42647,10.065297,0,2591700,22.59272,Interactive,1,1.75
511200,aBesI3vPItgV9K8KujDHhq6Ylk0T+x7OICppEE5WrKsKSJrtuu4PNDMv+jAG+wb0,4.018984,5.966905000000001,12.10546,0,2591700,22.59272,Interactive,1,1.75
511500,aBesI3vPItgV9K8KujDHhq6Ylk0T+x7OICppEE5WrKsKSJrtuu4PNDMv+jAG+wb0,4.4498370000000005,5.426144,9.526202,0,2591700,22.59272,Interactive,1,1.75
511800,aBesI3vPItgV9K8KujDHhq6Ylk0T+x7OICppEE5WrKsKSJrtuu4PNDMv+jAG+wb0,3.512859,5.210824,10.078506,0,2591700,22.59272,Interactive,1,1.75
512100,aBesI3vPItgV9K8KujDHhq6Ylk0T+x7OICppEE5WrKsKSJrtuu4PNDMv+jAG+wb0,4.207067,5.358066,10.403675,0,2591700,22.59272,Interactive,1,1.75
512400,aBesI3vPItgV9K8KujDHhq6Ylk0T+x7OICppEE5WrKsKSJrtuu4PNDMv+jAG+wb0,4.011478,5.219673,9.75896,0,2591700,22.59272,Interactive,1,1.75
512700,aBesI3vPItgV9K8KujDHhq6Ylk0T+x7OICppEE5WrKsKSJrtuu4PNDMv+jAG+wb0,3.0198970000000003,5.204148,9.875948,0,2591700,22.59272,Interactive,1,1.75
513000,aBesI3vPItgV9K8KujDHhq6Ylk0T+x7OICppEE5WrKsKSJrtuu4PNDMv+jAG+wb0,3.932397,7.659836,28.366052000000003,0,2591700,22.59272,Interactive,1,1.75
513300,aBesI3vPItgV9K8KujDHhq6Ylk0T+x7OICppEE5WrKsKSJrtuu4PNDMv+jAG+wb0,3.858181,11.562013,65.994761,0,2591700,22.59272,Interactive,1,1.75
513600,aBesI3vPItgV9K8KujDHhq6Ylk0T+x7OICppEE5WrKsKSJrtuu4PNDMv+jAG+wb0,4.081672,5.575262,10.924206,0,2591700,22.59272,Interactive,1,1.75
513900,aBesI3vPItgV9K8KujDHhq6Ylk0T+x7OICppEE5WrKsKSJrtuu4PNDMv+jAG+wb0,3.614721,5.312117,11.722043,0,2591700,22.59272,Interactive,1,1.75
514200,aBesI3vPItgV9K8KujDHhq6Ylk0T+x7OICppEE5WrKsKSJrtuu4PNDMv+jAG+wb0,4.127763,5.433105,9.851349,0,2591700,22.59272,Interactive,1,1.75
514500,aBesI3vPItgV9K8KujDHhq6Ylk0T+x7OICppEE5WrKsKSJrtuu4PNDMv+jAG+wb0,3.343538,5.277153,9.680278,0,2591700,22.59272,Interactive,1,1.75
514800,aBesI3vPItgV9K8KujDHhq6Ylk0T+x7OICppEE5WrKsKSJrtuu4PNDMv+jAG+wb0,4.053307,5.299585,11.076855,0,2591700,22.59272,Interactive,1,1.75
515100,aBesI3vPItgV9K8KujDHhq6Ylk0T+x7OICppEE5WrKsKSJrtuu4PNDMv+jAG+wb0,4.156153,5.443561,9.516083,0,2591700,22.59272,Interactive,1,1.75
515400,aBesI3vPItgV9K8KujDHhq6Ylk0T+x7OICppEE5WrKsKSJrtuu4PNDMv+jAG+wb0,3.381646,5.357543,9.987776,0,2591700,22.59272,Interactive,1,1.75
515700,aBesI3vPItgV9K8KujDHhq6Ylk0T+x7OICppEE5WrKsKSJrtuu4PNDMv+jAG+wb0,4.163275,5.463866,10.978384,0,2591700,22.59272,Interactive,1,1.75
516000,aBesI3vPItgV9K8KujDHhq6Ylk0T+x7OICppEE5WrKsKSJrtuu4PNDMv+jAG+wb0,3.3741510000000003,5.304868,9.811284,0,2591700,22.59272,Interactive,1,1.75
516300,aBesI3vPItgV9K8KujDHhq6Ylk0T+x7OICppEE5WrKsKSJrtuu4PNDMv+jAG+wb0,4.1996080000000005,5.505128,9.812907,0,2591700,22.59272,Interactive,1,1.75
516600,aBesI3vPItgV9K8KujDHhq6Ylk0T+x7OICppEE5WrKsKSJrtuu4PNDMv+jAG+wb0,3.879935,7.242816,16.83202,0,2591700,22.59272,Interactive,1,1.75
516900,aBesI3vPItgV9K8KujDHhq6Ylk0T+x7OICppEE5WrKsKSJrtuu4PNDMv+jAG+wb0,4.221248,5.404861,9.402343,0,2591700,22.59272,Interactive,1,1.75
517200,aBesI3vPItgV9K8KujDHhq6Ylk0T+x7OICppEE5WrKsKSJrtuu4PNDMv+jAG+wb0,4.295614,5.509443,9.850222,0,2591700,22.59272,Interactive,1,1.75
517500,aBesI3vPItgV9K8KujDHhq6Ylk0T+x7OICppEE5WrKsKSJrtuu4PNDMv+jAG+wb0,4.114833999999999,5.432403,10.574807,0,2591700,22.59272,Interactive,1,1.75
517800,aBesI3vPItgV9K8KujDHhq6Ylk0T+x7OICppEE5WrKsKSJrtuu4PNDMv+jAG+wb0,4.122761,5.645664,9.587449,0,2591700,22.59272,Interactive,1,1.75
518100,aBesI3vPItgV9K8KujDHhq6Ylk0T+x7OICppEE5WrKsKSJrtuu4PNDMv+jAG+wb0,4.166194,5.40944,9.930208,0,2591700,22.59272,Interactive,1,1.75
518400,aBesI3vPItgV9K8KujDHhq6Ylk0T+x7OICppEE5WrKsKSJrtuu4PNDMv+jAG+wb0,4.1994940000000005,5.827046,10.798511,0,2591700,22.59272,Interactive,1,1.75
518700,aBesI3vPItgV9K8KujDHhq6Ylk0T+x7OICppEE5WrKsKSJrtuu4PNDMv+jAG+wb0,4.211109,6.134149,12.462454,0,2591700,22.59272,Interactive,1,1.75
519000,aBesI3vPItgV9K8KujDHhq6Ylk0T+x7OICppEE5WrKsKSJrtuu4PNDMv+jAG+wb0,4.165632,5.31625,9.745653,0,2591700,22.59272,Interactive,1,1.75
519300,aBesI3vPItgV9K8KujDHhq6Ylk0T+x7OICppEE5WrKsKSJrtuu4PNDMv+jAG+wb0,4.003626000000001,5.555103,11.866324,0,2591700,22.59272,Interactive,1,1.75
519600,aBesI3vPItgV9K8KujDHhq6Ylk0T+x7OICppEE5WrKsKSJrtuu4PNDMv+jAG+wb0,4.262687000000001,12.133312,33.21501,0,2591700,22.59272,Interactive,1,1.75
519900,aBesI3vPItgV9K8KujDHhq6Ylk0T+x7OICppEE5WrKsKSJrtuu4PNDMv+jAG+wb0,3.992651,5.656715,9.62052,0,2591700,22.59272,Interactive,1,1.75
520200,aBesI3vPItgV9K8KujDHhq6Ylk0T+x7OICppEE5WrKsKSJrtuu4PNDMv+jAG+wb0,4.143507,7.374014999999999,27.303653000000004,0,2591700,22.59272,Interactive,1,1.75
520500,aBesI3vPItgV9K8KujDHhq6Ylk0T+x7OICppEE5WrKsKSJrtuu4PNDMv+jAG+wb0,4.012069,6.483509,18.047532,0,2591700,22.59272,Interactive,1,1.75
520800,aBesI3vPItgV9K8KujDHhq6Ylk0T+x7OICppEE5WrKsKSJrtuu4PNDMv+jAG+wb0,4.062778,5.23091,9.876619,0,2591700,22.59272,Interactive,1,1.75
521100,aBesI3vPItgV9K8KujDHhq6Ylk0T+x7OICppEE5WrKsKSJrtuu4PNDMv+jAG+wb0,4.094094999999999,5.263533,9.344722,0,2591700,22.59272,Interactive,1,1.75
521400,aBesI3vPItgV9K8KujDHhq6Ylk0T+x7OICppEE5WrKsKSJrtuu4PNDMv+jAG+wb0,3.897939,6.692024000000001,18.895675,0,2591700,22.59272,Interactive,1,1.75
521700,aBesI3vPItgV9K8KujDHhq6Ylk0T+x7OICppEE5WrKsKSJrtuu4PNDMv+jAG+wb0,3.975496,5.275233999999999,9.781356,0,2591700,22.59272,Interactive,1,1.75
522000,aBesI3vPItgV9K8KujDHhq6Ylk0T+x7OICppEE5WrKsKSJrtuu4PNDMv+jAG+wb0,4.040952,4.762279,6.822586,0,2591700,22.59272,Interactive,1,1.75
522300,aBesI3vPItgV9K8KujDHhq6Ylk0T+x7OICppEE5WrKsKSJrtuu4PNDMv+jAG+wb0,3.917028,5.253351,9.419259,0,2591700,22.59272,Interactive,1,1.75
522600,aBesI3vPItgV9K8KujDHhq6Ylk0T+x7OICppEE5WrKsKSJrtuu4PNDMv+jAG+wb0,4.186326,5.448196,9.985959,0,2591700,22.59272,Interactive,1,1.75
522900,aBesI3vPItgV9K8KujDHhq6Ylk0T+x7OICppEE5WrKsKSJrtuu4PNDMv+jAG+wb0,4.168199,5.487899,9.672796,0,2591700,22.59272,Interactive,1,1.75
523200,aBesI3vPItgV9K8KujDHhq6Ylk0T+x7OICppEE5WrKsKSJrtuu4PNDMv+jAG+wb0,4.023628,5.177973000000001,9.835179,0,2591700,22.59272,Interactive,1,1.75
523500,aBesI3vPItgV9K8KujDHhq6Ylk0T+x7OICppEE5WrKsKSJrtuu4PNDMv+jAG+wb0,4.033119,5.310043,9.721303,0,2591700,22.59272,Interactive,1,1.75
523800,aBesI3vPItgV9K8KujDHhq6Ylk0T+x7OICppEE5WrKsKSJrtuu4PNDMv+jAG+wb0,4.101691000000001,7.66683,26.404302,0,2591700,22.59272,Interactive,1,1.75
524100,aBesI3vPItgV9K8KujDHhq6Ylk0T+x7OICppEE5WrKsKSJrtuu4PNDMv+jAG+wb0,4.14235,5.495059,9.427407,0,2591700,22.59272,Interactive,1,1.75
524400,aBesI3vPItgV9K8KujDHhq6Ylk0T+x7OICppEE5WrKsKSJrtuu4PNDMv+jAG+wb0,3.992671,5.199093,9.737614,0,2591700,22.59272,Interactive,1,1.75
524700,aBesI3vPItgV9K8KujDHhq6Ylk0T+x7OICppEE5WrKsKSJrtuu4PNDMv+jAG+wb0,3.939403,4.812467,6.648608,0,2591700,22.59272,Interactive,1,1.75
525000,aBesI3vPItgV9K8KujDHhq6Ylk0T+x7OICppEE5WrKsKSJrtuu4PNDMv+jAG+wb0,3.89103,5.255731,9.336249,0,2591700,22.59272,Interactive,1,1.75
525300,aBesI3vPItgV9K8KujDHhq6Ylk0T+x7OICppEE5WrKsKSJrtuu4PNDMv+jAG+wb0,4.009586,5.321127,9.561607,0,2591700,22.59272,Interactive,1,1.75
525600,aBesI3vPItgV9K8KujDHhq6Ylk0T+x7OICppEE5WrKsKSJrtuu4PNDMv+jAG+wb0,3.942387,5.228364,10.021701,0,2591700,22.59272,Interactive,1,1.75
525900,aBesI3vPItgV9K8KujDHhq6Ylk0T+x7OICppEE5WrKsKSJrtuu4PNDMv+jAG+wb0,3.895906,5.335454,9.57084,0,2591700,22.59272,Interactive,1,1.75
526200,aBesI3vPItgV9K8KujDHhq6Ylk0T+x7OICppEE5WrKsKSJrtuu4PNDMv+jAG+wb0,4.014074,5.190683,9.655107,0,2591700,22.59272,Interactive,1,1.75
526500,aBesI3vPItgV9K8KujDHhq6Ylk0T+x7OICppEE5WrKsKSJrtuu4PNDMv+jAG+wb0,3.891526,5.921544,10.363034,0,2591700,22.59272,Interactive,1,1.75
526800,aBesI3vPItgV9K8KujDHhq6Ylk0T+x7OICppEE5WrKsKSJrtuu4PNDMv+jAG+wb0,4.171228,5.433703,9.318239,0,2591700,22.59272,Interactive,1,1.75
527100,aBesI3vPItgV9K8KujDHhq6Ylk0T+x7OICppEE5WrKsKSJrtuu4PNDMv+jAG+wb0,4.126176999999999,5.2945660000000005,9.317333,0,2591700,22.59272,Interactive,1,1.75
527400,aBesI3vPItgV9K8KujDHhq6Ylk0T+x7OICppEE5WrKsKSJrtuu4PNDMv+jAG+wb0,3.932971,6.990792,25.905162,0,2591700,22.59272,Interactive,1,1.75
527700,aBesI3vPItgV9K8KujDHhq6Ylk0T+x7OICppEE5WrKsKSJrtuu4PNDMv+jAG+wb0,3.915043,5.30941,9.284922,0,2591700,22.59272,Interactive,1,1.75
528000,aBesI3vPItgV9K8KujDHhq6Ylk0T+x7OICppEE5WrKsKSJrtuu4PNDMv+jAG+wb0,3.646211,5.159756,9.619186,0,2591700,22.59272,Interactive,1,1.75
528300,aBesI3vPItgV9K8KujDHhq6Ylk0T+x7OICppEE5WrKsKSJrtuu4PNDMv+jAG+wb0,3.958289,5.2441510000000005,9.083119,0,2591700,22.59272,Interactive,1,1.75
528600,aBesI3vPItgV9K8KujDHhq6Ylk0T+x7OICppEE5WrKsKSJrtuu4PNDMv+jAG+wb0,4.2125330000000005,5.693126,9.355927,0,2591700,22.59272,Interactive,1,1.75
528900,aBesI3vPItgV9K8KujDHhq6Ylk0T+x7OICppEE5WrKsKSJrtuu4PNDMv+jAG+wb0,3.983506,5.311306,9.692924,0,2591700,22.59272,Interactive,1,1.75
529200,aBesI3vPItgV9K8KujDHhq6Ylk0T+x7OICppEE5WrKsKSJrtuu4PNDMv+jAG+wb0,4.045866,5.295808999999999,9.490433,0,2591700,22.59272,Interactive,1,1.75
529500,aBesI3vPItgV9K8KujDHhq6Ylk0T+x7OICppEE5WrKsKSJrtuu4PNDMv+jAG+wb0,4.025004,5.477394,9.318165,0,2591700,22.59272,Interactive,1,1.75
529800,aBesI3vPItgV9K8KujDHhq6Ylk0T+x7OICppEE5WrKsKSJrtuu4PNDMv+jAG+wb0,3.961072,5.258988,9.903783,0,2591700,22.59272,Interactive,1,1.75
530100,aBesI3vPItgV9K8KujDHhq6Ylk0T+x7OICppEE5WrKsKSJrtuu4PNDMv+jAG+wb0,3.891085,5.084961,7.547022999999999,0,2591700,22.59272,Interactive,1,1.75
530400,aBesI3vPItgV9K8KujDHhq6Ylk0T+x7OICppEE5WrKsKSJrtuu4PNDMv+jAG+wb0,3.979146,5.119848,9.44324,0,2591700,22.59272,Interactive,1,1.75
530700,aBesI3vPItgV9K8KujDHhq6Ylk0T+x7OICppEE5WrKsKSJrtuu4PNDMv+jAG+wb0,4.062042,5.607405,10.56399,0,2591700,22.59272,Interactive,1,1.75
531000,aBesI3vPItgV9K8KujDHhq6Ylk0T+x7OICppEE5WrKsKSJrtuu4PNDMv+jAG+wb0,4.019758,7.344836,27.101575,0,2591700,22.59272,Interactive,1,1.75
531300,aBesI3vPItgV9K8KujDHhq6Ylk0T+x7OICppEE5WrKsKSJrtuu4PNDMv+jAG+wb0,3.920837,5.808832,11.408539,0,2591700,22.59272,Interactive,1,1.75
531600,aBesI3vPItgV9K8KujDHhq6Ylk0T+x7OICppEE5WrKsKSJrtuu4PNDMv+jAG+wb0,4.244681,5.306926,10.40721,0,2591700,22.59272,Interactive,1,1.75
531900,aBesI3vPItgV9K8KujDHhq6Ylk0T+x7OICppEE5WrKsKSJrtuu4PNDMv+jAG+wb0,4.226525,5.721076999999999,8.972714999999999,0,2591700,22.59272,Interactive,1,1.75
532200,aBesI3vPItgV9K8KujDHhq6Ylk0T+x7OICppEE5WrKsKSJrtuu4PNDMv+jAG+wb0,4.012562,5.249698,8.819429,0,2591700,22.59272,Interactive,1,1.75
532500,aBesI3vPItgV9K8KujDHhq6Ylk0T+x7OICppEE5WrKsKSJrtuu4PNDMv+jAG+wb0,3.876461,5.438152,10.221658,0,2591700,22.59272,Interactive,1,1.75
532800,aBesI3vPItgV9K8KujDHhq6Ylk0T+x7OICppEE5WrKsKSJrtuu4PNDMv+jAG+wb0,3.975597,6.437032,21.191846,0,2591700,22.59272,Interactive,1,1.75
533100,aBesI3vPItgV9K8KujDHhq6Ylk0T+x7OICppEE5WrKsKSJrtuu4PNDMv+jAG+wb0,3.915551,5.168171,8.622913,0,2591700,22.59272,Interactive,1,1.75
533400,aBesI3vPItgV9K8KujDHhq6Ylk0T+x7OICppEE5WrKsKSJrtuu4PNDMv+jAG+wb0,4.189729,5.629766,10.685342,0,2591700,22.59272,Interactive,1,1.75
533700,aBesI3vPItgV9K8KujDHhq6Ylk0T+x7OICppEE5WrKsKSJrtuu4PNDMv+jAG+wb0,4.356049,5.307171,8.54427,0,2591700,22.59272,Interactive,1,1.75
534000,aBesI3vPItgV9K8KujDHhq6Ylk0T+x7OICppEE5WrKsKSJrtuu4PNDMv+jAG+wb0,4.115419,5.145985,8.974309,0,2591700,22.59272,Interactive,1,1.75
534300,aBesI3vPItgV9K8KujDHhq6Ylk0T+x7OICppEE5WrKsKSJrtuu4PNDMv+jAG+wb0,4.178672,5.509537,10.399627,0,2591700,22.59272,Interactive,1,1.75
534600,aBesI3vPItgV9K8KujDHhq6Ylk0T+x7OICppEE5WrKsKSJrtuu4PNDMv+jAG+wb0,4.247659,8.155427,25.896991,0,2591700,22.59272,Interactive,1,1.75
534900,aBesI3vPItgV9K8KujDHhq6Ylk0T+x7OICppEE5WrKsKSJrtuu4PNDMv+jAG+wb0,4.136426,5.401952,8.757016,0,2591700,22.59272,Interactive,1,1.75
535200,aBesI3vPItgV9K8KujDHhq6Ylk0T+x7OICppEE5WrKsKSJrtuu4PNDMv+jAG+wb0,3.916555,5.444205,10.550302,0,2591700,22.59272,Interactive,1,1.75
535500,aBesI3vPItgV9K8KujDHhq6Ylk0T+x7OICppEE5WrKsKSJrtuu4PNDMv+jAG+wb0,4.110206,6.0047440000000005,16.498529,0,2591700,22.59272,Interactive,1,1.75
535800,aBesI3vPItgV9K8KujDHhq6Ylk0T+x7OICppEE5WrKsKSJrtuu4PNDMv+jAG+wb0,3.88034,5.071437,8.696261,0,2591700,22.59272,Interactive,1,1.75
536100,aBesI3vPItgV9K8KujDHhq6Ylk0T+x7OICppEE5WrKsKSJrtuu4PNDMv+jAG+wb0,4.055768,5.547606,10.63598,0,2591700,22.59272,Interactive,1,1.75
536400,aBesI3vPItgV9K8KujDHhq6Ylk0T+x7OICppEE5WrKsKSJrtuu4PNDMv+jAG+wb0,4.080785,5.207004,8.770178,0,2591700,22.59272,Interactive,1,1.75
536700,aBesI3vPItgV9K8KujDHhq6Ylk0T+x7OICppEE5WrKsKSJrtuu4PNDMv+jAG+wb0,3.955347,5.306695,8.672561,0,2591700,22.59272,Interactive,1,1.75
537000,aBesI3vPItgV9K8KujDHhq6Ylk0T+x7OICppEE5WrKsKSJrtuu4PNDMv+jAG+wb0,4.252168,5.39379,10.204057,0,2591700,22.59272,Interactive,1,1.75
537300,aBesI3vPItgV9K8KujDHhq6Ylk0T+x7OICppEE5WrKsKSJrtuu4PNDMv+jAG+wb0,4.424712,5.920966,8.598836,0,2591700,22.59272,Interactive,1,1.75
537600,aBesI3vPItgV9K8KujDHhq6Ylk0T+x7OICppEE5WrKsKSJrtuu4PNDMv+jAG+wb0,4.194897,5.443194,8.858668,0,2591700,22.59272,Interactive,1,1.75
537900,aBesI3vPItgV9K8KujDHhq6Ylk0T+x7OICppEE5WrKsKSJrtuu4PNDMv+jAG+wb0,3.980949,5.517774,10.473693,0,2591700,22.59272,Interactive,1,1.75
538200,aBesI3vPItgV9K8KujDHhq6Ylk0T+x7OICppEE5WrKsKSJrtuu4PNDMv+jAG+wb0,4.062880000000001,7.066347,25.346796,0,2591700,22.59272,Interactive,1,1.75
538500,aBesI3vPItgV9K8KujDHhq6Ylk0T+x7OICppEE5WrKsKSJrtuu4PNDMv+jAG+wb0,4.05865,5.214704,8.74281,0,2591700,22.59272,Interactive,1,1.75
538800,aBesI3vPItgV9K8KujDHhq6Ylk0T+x7OICppEE5WrKsKSJrtuu4PNDMv+jAG+wb0,4.114093,5.579685,10.01316,0,2591700,22.59272,Interactive,1,1.75
539100,aBesI3vPItgV9K8KujDHhq6Ylk0T+x7OICppEE5WrKsKSJrtuu4PNDMv+jAG+wb0,3.834167,5.3158650000000005,8.697196,0,2591700,22.59272,Interactive,1,1.75
539400,aBesI3vPItgV9K8KujDHhq6Ylk0T+x7OICppEE5WrKsKSJrtuu4PNDMv+jAG+wb0,4.169532,5.33253,8.955143,0,2591700,22.59272,Interactive,1,1.75
539700,aBesI3vPItgV9K8KujDHhq6Ylk0T+x7OICppEE5WrKsKSJrtuu4PNDMv+jAG+wb0,3.949954,5.465066,9.014968,0,2591700,22.59272,Interactive,1,1.75
540000,aBesI3vPItgV9K8KujDHhq6Ylk0T+x7OICppEE5WrKsKSJrtuu4PNDMv+jAG+wb0,4.112449,6.042161,11.985374,0,2591700,22.59272,Interactive,1,1.75
540300,aBesI3vPItgV9K8KujDHhq6Ylk0T+x7OICppEE5WrKsKSJrtuu4PNDMv+jAG+wb0,4.3442300000000005,5.453583999999999,8.854152000000001,0,2591700,22.59272,Interactive,1,1.75
540600,aBesI3vPItgV9K8KujDHhq6Ylk0T+x7OICppEE5WrKsKSJrtuu4PNDMv+jAG+wb0,4.150608999999999,5.381671,9.068538,0,2591700,22.59272,Interactive,1,1.75
540900,aBesI3vPItgV9K8KujDHhq6Ylk0T+x7OICppEE5WrKsKSJrtuu4PNDMv+jAG+wb0,3.912544,4.922211,5.883927,0,2591700,22.59272,Interactive,1,1.75
541200,aBesI3vPItgV9K8KujDHhq6Ylk0T+x7OICppEE5WrKsKSJrtuu4PNDMv+jAG+wb0,4.025601,5.16377,8.892596000000001,0,2591700,22.59272,Interactive,1,1.75
541500,aBesI3vPItgV9K8KujDHhq6Ylk0T+x7OICppEE5WrKsKSJrtuu4PNDMv+jAG+wb0,3.472036,5.331539,9.201087,0,2591700,22.59272,Interactive,1,1.75
541800,aBesI3vPItgV9K8KujDHhq6Ylk0T+x7OICppEE5WrKsKSJrtuu4PNDMv+jAG+wb0,4.048335,7.331253999999999,20.995946,0,2591700,22.59272,Interactive,1,1.75
542100,aBesI3vPItgV9K8KujDHhq6Ylk0T+x7OICppEE5WrKsKSJrtuu4PNDMv+jAG+wb0,4.088813,5.487993,8.747861,0,2591700,22.59272,Interactive,1,1.75
542400,aBesI3vPItgV9K8KujDHhq6Ylk0T+x7OICppEE5WrKsKSJrtuu4PNDMv+jAG+wb0,3.914575,5.431255999999999,9.395686,0,2591700,22.59272,Interactive,1,1.75
542700,aBesI3vPItgV9K8KujDHhq6Ylk0T+x7OICppEE5WrKsKSJrtuu4PNDMv+jAG+wb0,4.018916,5.409733999999999,8.737236,0,2591700,22.59272,Interactive,1,1.75
543000,aBesI3vPItgV9K8KujDHhq6Ylk0T+x7OICppEE5WrKsKSJrtuu4PNDMv+jAG+wb0,3.177254,5.133549,8.918647,0,2591700,22.59272,Interactive,1,1.75
543300,aBesI3vPItgV9K8KujDHhq6Ylk0T+x7OICppEE5WrKsKSJrtuu4PNDMv+jAG+wb0,3.974923,5.43213,9.121639,0,2591700,22.59272,Interactive,1,1.75
543600,aBesI3vPItgV9K8KujDHhq6Ylk0T+x7OICppEE5WrKsKSJrtuu4PNDMv+jAG+wb0,3.048928,4.71015,5.716686,0,2591700,22.59272,Interactive,1,1.75
543900,aBesI3vPItgV9K8KujDHhq6Ylk0T+x7OICppEE5WrKsKSJrtuu4PNDMv+jAG+wb0,4.205966,5.287854,8.692305000000001,0,2591700,22.59272,Interactive,1,1.75
544200,aBesI3vPItgV9K8KujDHhq6Ylk0T+x7OICppEE5WrKsKSJrtuu4PNDMv+jAG+wb0,3.505043,5.326631,9.400287,0,2591700,22.59272,Interactive,1,1.75
544500,aBesI3vPItgV9K8KujDHhq6Ylk0T+x7OICppEE5WrKsKSJrtuu4PNDMv+jAG+wb0,4.112167,5.588622,8.829724,0,2591700,22.59272,Interactive,1,1.75
544800,aBesI3vPItgV9K8KujDHhq6Ylk0T+x7OICppEE5WrKsKSJrtuu4PNDMv+jAG+wb0,3.335493,5.049182,9.076706,0,2591700,22.59272,Interactive,1,1.75
545100,aBesI3vPItgV9K8KujDHhq6Ylk0T+x7OICppEE5WrKsKSJrtuu4PNDMv+jAG+wb0,3.983085,5.52075,8.939636,0,2591700,22.59272,Interactive,1,1.75
545400,aBesI3vPItgV9K8KujDHhq6Ylk0T+x7OICppEE5WrKsKSJrtuu4PNDMv+jAG+wb0,3.948335,7.421042,25.353966,0,2591700,22.59272,Interactive,1,1.75
545700,aBesI3vPItgV9K8KujDHhq6Ylk0T+x7OICppEE5WrKsKSJrtuu4PNDMv+jAG+wb0,3.839521,5.248666,8.852647,0,2591700,22.59272,Interactive,1,1.75
546000,aBesI3vPItgV9K8KujDHhq6Ylk0T+x7OICppEE5WrKsKSJrtuu4PNDMv+jAG+wb0,4.048208,5.427304,9.328793,0,2591700,22.59272,Interactive,1,1.75
546300,aBesI3vPItgV9K8KujDHhq6Ylk0T+x7OICppEE5WrKsKSJrtuu4PNDMv+jAG+wb0,3.984464,4.839844,5.849894,0,2591700,22.59272,Interactive,1,1.75
546600,aBesI3vPItgV9K8KujDHhq6Ylk0T+x7OICppEE5WrKsKSJrtuu4PNDMv+jAG+wb0,4.047922,5.2375050000000005,9.035066,0,2591700,22.59272,Interactive,1,1.75
546900,aBesI3vPItgV9K8KujDHhq6Ylk0T+x7OICppEE5WrKsKSJrtuu4PNDMv+jAG+wb0,3.256516,5.315304,9.068123,0,2591700,22.59272,Interactive,1,1.75
547200,aBesI3vPItgV9K8KujDHhq6Ylk0T+x7OICppEE5WrKsKSJrtuu4PNDMv+jAG+wb0,4.195646,5.282006,8.875582000000001,0,2591700,22.59272,Interactive,1,1.75
547500,aBesI3vPItgV9K8KujDHhq6Ylk0T+x7OICppEE5WrKsKSJrtuu4PNDMv+jAG+wb0,3.837534,5.153898000000001,9.192471,0,2591700,22.59272,Interactive,1,1.75
547800,aBesI3vPItgV9K8KujDHhq6Ylk0T+x7OICppEE5WrKsKSJrtuu4PNDMv+jAG+wb0,4.169417,5.425357,9.072452,0,2591700,22.59272,Interactive,1,1.75
548100,aBesI3vPItgV9K8KujDHhq6Ylk0T+x7OICppEE5WrKsKSJrtuu4PNDMv+jAG+wb0,3.966585,5.252189,8.658075,0,2591700,22.59272,Interactive,1,1.75
548400,aBesI3vPItgV9K8KujDHhq6Ylk0T+x7OICppEE5WrKsKSJrtuu4PNDMv+jAG+wb0,3.2370330000000003,11.94558,36.154638,0,2591700,22.59272,Interactive,1,1.75
548700,aBesI3vPItgV9K8KujDHhq6Ylk0T+x7OICppEE5WrKsKSJrtuu4PNDMv+jAG+wb0,4.570855,5.615734,9.093884,0,2591700,22.59272,Interactive,1,1.75
549000,aBesI3vPItgV9K8KujDHhq6Ylk0T+x7OICppEE5WrKsKSJrtuu4PNDMv+jAG+wb0,3.145526,6.740197,26.89716,0,2591700,22.59272,Interactive,1,1.75
549300,aBesI3vPItgV9K8KujDHhq6Ylk0T+x7OICppEE5WrKsKSJrtuu4PNDMv+jAG+wb0,4.217657,5.42305,10.227639,0,2591700,22.59272,Interactive,1,1.75
549600,aBesI3vPItgV9K8KujDHhq6Ylk0T+x7OICppEE5WrKsKSJrtuu4PNDMv+jAG+wb0,2.986513,5.251607,9.238678,0,2591700,22.59272,Interactive,1,1.75
549900,aBesI3vPItgV9K8KujDHhq6Ylk0T+x7OICppEE5WrKsKSJrtuu4PNDMv+jAG+wb0,3.924501,5.212827,8.701192,0,2591700,22.59272,Interactive,1,1.75
550200,aBesI3vPItgV9K8KujDHhq6Ylk0T+x7OICppEE5WrKsKSJrtuu4PNDMv+jAG+wb0,3.739835,5.242837000000001,10.134102,0,2591700,22.59272,Interactive,1,1.75
550500,aBesI3vPItgV9K8KujDHhq6Ylk0T+x7OICppEE5WrKsKSJrtuu4PNDMv+jAG+wb0,4.18273,5.470134,9.258751,0,2591700,22.59272,Interactive,1,1.75
550800,aBesI3vPItgV9K8KujDHhq6Ylk0T+x7OICppEE5WrKsKSJrtuu4PNDMv+jAG+wb0,3.970994,5.331316999999999,9.186236,0,2591700,22.59272,Interactive,1,1.75
551100,aBesI3vPItgV9K8KujDHhq6Ylk0T+x7OICppEE5WrKsKSJrtuu4PNDMv+jAG+wb0,2.723133,5.283701000000001,10.270058,0,2591700,22.59272,Interactive,1,1.75
551400,aBesI3vPItgV9K8KujDHhq6Ylk0T+x7OICppEE5WrKsKSJrtuu4PNDMv+jAG+wb0,4.112977,5.43147,9.202821,0,2591700,22.59272,Interactive,1,1.75
551700,aBesI3vPItgV9K8KujDHhq6Ylk0T+x7OICppEE5WrKsKSJrtuu4PNDMv+jAG+wb0,3.633356,4.8318080000000005,6.9934460000000005,0,2591700,22.59272,Interactive,1,1.75
552000,aBesI3vPItgV9K8KujDHhq6Ylk0T+x7OICppEE5WrKsKSJrtuu4PNDMv+jAG+wb0,4.028435,5.322095,10.204157,0,2591700,22.59272,Interactive,1,1.75
552300,aBesI3vPItgV9K8KujDHhq6Ylk0T+x7OICppEE5WrKsKSJrtuu4PNDMv+jAG+wb0,2.994199,5.346571,9.164848,0,2591700,22.59272,Interactive,1,1.75
552600,aBesI3vPItgV9K8KujDHhq6Ylk0T+x7OICppEE5WrKsKSJrtuu4PNDMv+jAG+wb0,3.919722,7.294469,21.413811,0,2591700,22.59272,Interactive,1,1.75
552900,aBesI3vPItgV9K8KujDHhq6Ylk0T+x7OICppEE5WrKsKSJrtuu4PNDMv+jAG+wb0,3.148849,5.197057,10.245667999999998,0,2591700,22.59272,Interactive,1,1.75
553200,aBesI3vPItgV9K8KujDHhq6Ylk0T+x7OICppEE5WrKsKSJrtuu4PNDMv+jAG+wb0,4.047121,5.411104,9.293466,0,2591700,22.59272,Interactive,1,1.75
553500,aBesI3vPItgV9K8KujDHhq6Ylk0T+x7OICppEE5WrKsKSJrtuu4PNDMv+jAG+wb0,3.951497,5.229118,9.136888,0,2591700,22.59272,Interactive,1,1.75
553800,aBesI3vPItgV9K8KujDHhq6Ylk0T+x7OICppEE5WrKsKSJrtuu4PNDMv+jAG+wb0,3.927459,5.405861,10.323213,0,2591700,22.59272,Interactive,1,1.75
554100,aBesI3vPItgV9K8KujDHhq6Ylk0T+x7OICppEE5WrKsKSJrtuu4PNDMv+jAG+wb0,4.1638720000000005,5.497161,9.392139,0,2591700,22.59272,Interactive,1,1.75
554400,aBesI3vPItgV9K8KujDHhq6Ylk0T+x7OICppEE5WrKsKSJrtuu4PNDMv+jAG+wb0,4.004869,4.836547,5.595195,0,2591700,22.59272,Interactive,1,1.75
554700,aBesI3vPItgV9K8KujDHhq6Ylk0T+x7OICppEE5WrKsKSJrtuu4PNDMv+jAG+wb0,4.218049,5.379447,9.937342999999998,0,2591700,22.59272,Interactive,1,1.75
555000,aBesI3vPItgV9K8KujDHhq6Ylk0T+x7OICppEE5WrKsKSJrtuu4PNDMv+jAG+wb0,4.114245,5.482371,9.370715,0,2591700,22.59272,Interactive,1,1.75
555300,aBesI3vPItgV9K8KujDHhq6Ylk0T+x7OICppEE5WrKsKSJrtuu4PNDMv+jAG+wb0,3.885588,5.245161,8.773511,0,2591700,22.59272,Interactive,1,1.75
555600,aBesI3vPItgV9K8KujDHhq6Ylk0T+x7OICppEE5WrKsKSJrtuu4PNDMv+jAG+wb0,4.126339,5.305117,10.042796,0,2591700,22.59272,Interactive,1,1.75
555900,aBesI3vPItgV9K8KujDHhq6Ylk0T+x7OICppEE5WrKsKSJrtuu4PNDMv+jAG+wb0,4.159136,5.964219,9.776704,0,2591700,22.59272,Interactive,1,1.75
556200,aBesI3vPItgV9K8KujDHhq6Ylk0T+x7OICppEE5WrKsKSJrtuu4PNDMv+jAG+wb0,3.980304,7.510358,27.704061,0,2591700,22.59272,Interactive,1,1.75
556500,aBesI3vPItgV9K8KujDHhq6Ylk0T+x7OICppEE5WrKsKSJrtuu4PNDMv+jAG+wb0,4.261508999999999,5.439661,8.783304,0,2591700,22.59272,Interactive,1,1.75
556800,aBesI3vPItgV9K8KujDHhq6Ylk0T+x7OICppEE5WrKsKSJrtuu4PNDMv+jAG+wb0,4.057219,5.521557,9.190926,0,2591700,22.59272,Interactive,1,1.75
557100,aBesI3vPItgV9K8KujDHhq6Ylk0T+x7OICppEE5WrKsKSJrtuu4PNDMv+jAG+wb0,3.832182,5.055956,7.842834,0,2591700,22.59272,Interactive,1,1.75
557400,aBesI3vPItgV9K8KujDHhq6Ylk0T+x7OICppEE5WrKsKSJrtuu4PNDMv+jAG+wb0,4.033079,5.365562000000001,8.918984,0,2591700,22.59272,Interactive,1,1.75
557700,aBesI3vPItgV9K8KujDHhq6Ylk0T+x7OICppEE5WrKsKSJrtuu4PNDMv+jAG+wb0,4.04213,5.585753,9.123114,0,2591700,22.59272,Interactive,1,1.75
558000,aBesI3vPItgV9K8KujDHhq6Ylk0T+x7OICppEE5WrKsKSJrtuu4PNDMv+jAG+wb0,4.137875,5.237976000000001,9.233345,0,2591700,22.59272,Interactive,1,1.75
558300,aBesI3vPItgV9K8KujDHhq6Ylk0T+x7OICppEE5WrKsKSJrtuu4PNDMv+jAG+wb0,4.179273,6.053152,9.396055,0,2591700,22.59272,Interactive,1,1.75
558600,aBesI3vPItgV9K8KujDHhq6Ylk0T+x7OICppEE5WrKsKSJrtuu4PNDMv+jAG+wb0,4.335463,5.519085,9.307708,0,2591700,22.59272,Interactive,1,1.75
558900,aBesI3vPItgV9K8KujDHhq6Ylk0T+x7OICppEE5WrKsKSJrtuu4PNDMv+jAG+wb0,4.017773,5.554107,9.635444,0,2591700,22.59272,Interactive,1,1.75
559200,aBesI3vPItgV9K8KujDHhq6Ylk0T+x7OICppEE5WrKsKSJrtuu4PNDMv+jAG+wb0,4.279418,5.752471,9.042511,0,2591700,22.59272,Interactive,1,1.75
559500,aBesI3vPItgV9K8KujDHhq6Ylk0T+x7OICppEE5WrKsKSJrtuu4PNDMv+jAG+wb0,4.143876000000001,5.510103,9.303904,0,2591700,22.59272,Interactive,1,1.75
559800,aBesI3vPItgV9K8KujDHhq6Ylk0T+x7OICppEE5WrKsKSJrtuu4PNDMv+jAG+wb0,3.926002,6.071118,17.686892999999998,0,2591700,22.59272,Interactive,1,1.75
560100,aBesI3vPItgV9K8KujDHhq6Ylk0T+x7OICppEE5WrKsKSJrtuu4PNDMv+jAG+wb0,4.302559,5.395598000000001,8.880656,0,2591700,22.59272,Interactive,1,1.75
560400,aBesI3vPItgV9K8KujDHhq6Ylk0T+x7OICppEE5WrKsKSJrtuu4PNDMv+jAG+wb0,2.656676,5.327162,9.900762,0,2591700,22.59272,Interactive,1,1.75
560700,aBesI3vPItgV9K8KujDHhq6Ylk0T+x7OICppEE5WrKsKSJrtuu4PNDMv+jAG+wb0,4.095773,5.261231,8.991434,0,2591700,22.59272,Interactive,1,1.75
561000,aBesI3vPItgV9K8KujDHhq6Ylk0T+x7OICppEE5WrKsKSJrtuu4PNDMv+jAG+wb0,3.716512,5.396255,9.06736,0,2591700,22.59272,Interactive,1,1.75
561300,aBesI3vPItgV9K8KujDHhq6Ylk0T+x7OICppEE5WrKsKSJrtuu4PNDMv+jAG+wb0,4.254157,5.608008,10.417613,0,2591700,22.59272,Interactive,1,1.75
561600,aBesI3vPItgV9K8KujDHhq6Ylk0T+x7OICppEE5WrKsKSJrtuu4PNDMv+jAG+wb0,3.839919,5.3706190000000005,9.192542,0,2591700,22.59272,Interactive,1,1.75
561900,aBesI3vPItgV9K8KujDHhq6Ylk0T+x7OICppEE5WrKsKSJrtuu4PNDMv+jAG+wb0,2.849294,5.148944,9.470616,0,2591700,22.59272,Interactive,1,1.75
562200,aBesI3vPItgV9K8KujDHhq6Ylk0T+x7OICppEE5WrKsKSJrtuu4PNDMv+jAG+wb0,4.329529,5.453088,9.675089,0,2591700,22.59272,Interactive,1,1.75
562500,aBesI3vPItgV9K8KujDHhq6Ylk0T+x7OICppEE5WrKsKSJrtuu4PNDMv+jAG+wb0,2.54694,4.997127,9.125104,0,2591700,22.59272,Interactive,1,1.75
562800,aBesI3vPItgV9K8KujDHhq6Ylk0T+x7OICppEE5WrKsKSJrtuu4PNDMv+jAG+wb0,4.270044,5.281054,9.321438,0,2591700,22.59272,Interactive,1,1.75
563100,aBesI3vPItgV9K8KujDHhq6Ylk0T+x7OICppEE5WrKsKSJrtuu4PNDMv+jAG+wb0,2.987109,5.296665,9.855989,0,2591700,22.59272,Interactive,1,1.75
563400,aBesI3vPItgV9K8KujDHhq6Ylk0T+x7OICppEE5WrKsKSJrtuu4PNDMv+jAG+wb0,3.832816,7.268105,30.415012,0,2591700,22.59272,Interactive,1,1.75
563700,aBesI3vPItgV9K8KujDHhq6Ylk0T+x7OICppEE5WrKsKSJrtuu4PNDMv+jAG+wb0,3.226698,5.1970410000000005,9.203859,0,2591700,22.59272,Interactive,1,1.75
564000,aBesI3vPItgV9K8KujDHhq6Ylk0T+x7OICppEE5WrKsKSJrtuu4PNDMv+jAG+wb0,4.220378,5.37067,9.642683,0,2591700,22.59272,Interactive,1,1.75
564300,aBesI3vPItgV9K8KujDHhq6Ylk0T+x7OICppEE5WrKsKSJrtuu4PNDMv+jAG+wb0,4.1482660000000005,11.601387,40.721933,0,2591700,22.59272,Interactive,1,1.75
564600,aBesI3vPItgV9K8KujDHhq6Ylk0T+x7OICppEE5WrKsKSJrtuu4PNDMv+jAG+wb0,4.098625,7.032667999999999,20.877148,0,2591700,22.59272,Interactive,1,1.75
564900,aBesI3vPItgV9K8KujDHhq6Ylk0T+x7OICppEE5WrKsKSJrtuu4PNDMv+jAG+wb0,4.432181,6.229351,10.563333,0,2591700,22.59272,Interactive,1,1.75
565200,aBesI3vPItgV9K8KujDHhq6Ylk0T+x7OICppEE5WrKsKSJrtuu4PNDMv+jAG+wb0,3.191362,5.085497,10.1333,0,2591700,22.59272,Interactive,1,1.75
565500,aBesI3vPItgV9K8KujDHhq6Ylk0T+x7OICppEE5WrKsKSJrtuu4PNDMv+jAG+wb0,4.213223,5.268716,8.99213,0,2591700,22.59272,Interactive,1,1.75
565800,aBesI3vPItgV9K8KujDHhq6Ylk0T+x7OICppEE5WrKsKSJrtuu4PNDMv+jAG+wb0,3.076198,5.09321,10.05573,0,2591700,22.59272,Interactive,1,1.75
566100,aBesI3vPItgV9K8KujDHhq6Ylk0T+x7OICppEE5WrKsKSJrtuu4PNDMv+jAG+wb0,3.82657,5.495369,10.233551,0,2591700,22.59272,Interactive,1,1.75
566400,aBesI3vPItgV9K8KujDHhq6Ylk0T+x7OICppEE5WrKsKSJrtuu4PNDMv+jAG+wb0,2.662618,5.153789,9.088406,0,2591700,22.59272,Interactive,1,1.75
566700,aBesI3vPItgV9K8KujDHhq6Ylk0T+x7OICppEE5WrKsKSJrtuu4PNDMv+jAG+wb0,4.092479,5.345631,9.668148,0,2591700,22.59272,Interactive,1,1.75
567000,aBesI3vPItgV9K8KujDHhq6Ylk0T+x7OICppEE5WrKsKSJrtuu4PNDMv+jAG+wb0,3.923424,7.558321,29.828413,0,2591700,22.59272,Interactive,1,1.75
567300,aBesI3vPItgV9K8KujDHhq6Ylk0T+x7OICppEE5WrKsKSJrtuu4PNDMv+jAG+wb0,3.761915,5.264093,9.333984,0,2591700,22.59272,Interactive,1,1.75
567600,aBesI3vPItgV9K8KujDHhq6Ylk0T+x7OICppEE5WrKsKSJrtuu4PNDMv+jAG+wb0,4.064797,5.2689330000000005,9.698341,0,2591700,22.59272,Interactive,1,1.75
567900,aBesI3vPItgV9K8KujDHhq6Ylk0T+x7OICppEE5WrKsKSJrtuu4PNDMv+jAG+wb0,3.192439,5.142251,10.44152,0,2591700,22.59272,Interactive,1,1.75
568200,aBesI3vPItgV9K8KujDHhq6Ylk0T+x7OICppEE5WrKsKSJrtuu4PNDMv+jAG+wb0,4.162866,5.383698000000001,9.356404,0,2591700,22.59272,Interactive,1,1.75
568500,aBesI3vPItgV9K8KujDHhq6Ylk0T+x7OICppEE5WrKsKSJrtuu4PNDMv+jAG+wb0,2.735464,5.135856,9.991753,0,2591700,22.59272,Interactive,1,1.75
568800,aBesI3vPItgV9K8KujDHhq6Ylk0T+x7OICppEE5WrKsKSJrtuu4PNDMv+jAG+wb0,3.827056,5.315596,10.672201,0,2591700,22.59272,Interactive,1,1.75
569100,aBesI3vPItgV9K8KujDHhq6Ylk0T+x7OICppEE5WrKsKSJrtuu4PNDMv+jAG+wb0,2.951881,5.217004,9.142339,0,2591700,22.59272,Interactive,1,1.75
569400,aBesI3vPItgV9K8KujDHhq6Ylk0T+x7OICppEE5WrKsKSJrtuu4PNDMv+jAG+wb0,4.262244,5.253608,9.618052,0,2591700,22.59272,Interactive,1,1.75
569700,aBesI3vPItgV9K8KujDHhq6Ylk0T+x7OICppEE5WrKsKSJrtuu4PNDMv+jAG+wb0,3.673212,5.179741,10.491379,0,2591700,22.59272,Interactive,1,1.75
570000,aBesI3vPItgV9K8KujDHhq6Ylk0T+x7OICppEE5WrKsKSJrtuu4PNDMv+jAG+wb0,2.8145130000000003,5.167234,9.33137,0,2591700,22.59272,Interactive,1,1.75
570300,aBesI3vPItgV9K8KujDHhq6Ylk0T+x7OICppEE5WrKsKSJrtuu4PNDMv+jAG+wb0,4.291087,5.411793,9.503005,0,2591700,22.59272,Interactive,1,1.75
570600,aBesI3vPItgV9K8KujDHhq6Ylk0T+x7OICppEE5WrKsKSJrtuu4PNDMv+jAG+wb0,3.4993830000000004,5.268435,10.937456,0,2591700,22.59272,Interactive,1,1.75
570900,aBesI3vPItgV9K8KujDHhq6Ylk0T+x7OICppEE5WrKsKSJrtuu4PNDMv+jAG+wb0,4.269682,5.3544540000000005,9.144189,0,2591700,22.59272,Interactive,1,1.75
571200,aBesI3vPItgV9K8KujDHhq6Ylk0T+x7OICppEE5WrKsKSJrtuu4PNDMv+jAG+wb0,4.293175,5.531179,10.347578,0,2591700,22.59272,Interactive,1,1.75
571500,aBesI3vPItgV9K8KujDHhq6Ylk0T+x7OICppEE5WrKsKSJrtuu4PNDMv+jAG+wb0,3.87159,5.388067,10.428345,0,2591700,22.59272,Interactive,1,1.75
571800,aBesI3vPItgV9K8KujDHhq6Ylk0T+x7OICppEE5WrKsKSJrtuu4PNDMv+jAG+wb0,2.821323,5.198834,9.506983,0,2591700,22.59272,Interactive,1,1.75
572100,aBesI3vPItgV9K8KujDHhq6Ylk0T+x7OICppEE5WrKsKSJrtuu4PNDMv+jAG+wb0,4.262907,5.3044,9.333374,0,2591700,22.59272,Interactive,1,1.75
572400,aBesI3vPItgV9K8KujDHhq6Ylk0T+x7OICppEE5WrKsKSJrtuu4PNDMv+jAG+wb0,3.633664,5.131486,10.714169,0,2591700,22.59272,Interactive,1,1.75
572700,aBesI3vPItgV9K8KujDHhq6Ylk0T+x7OICppEE5WrKsKSJrtuu4PNDMv+jAG+wb0,3.904903,5.355034,9.046049,0,2591700,22.59272,Interactive,1,1.75
573000,aBesI3vPItgV9K8KujDHhq6Ylk0T+x7OICppEE5WrKsKSJrtuu4PNDMv+jAG+wb0,4.257847,5.322984,9.780419,0,2591700,22.59272,Interactive,1,1.75
573300,aBesI3vPItgV9K8KujDHhq6Ylk0T+x7OICppEE5WrKsKSJrtuu4PNDMv+jAG+wb0,3.699928,5.344327,10.038145,0,2591700,22.59272,Interactive,1,1.75
573600,aBesI3vPItgV9K8KujDHhq6Ylk0T+x7OICppEE5WrKsKSJrtuu4PNDMv+jAG+wb0,4.226553,5.796176999999999,11.547498,0,2591700,22.59272,Interactive,1,1.75
573900,aBesI3vPItgV9K8KujDHhq6Ylk0T+x7OICppEE5WrKsKSJrtuu4PNDMv+jAG+wb0,4.223112,5.50295,9.564873,0,2591700,22.59272,Interactive,1,1.75
574200,aBesI3vPItgV9K8KujDHhq6Ylk0T+x7OICppEE5WrKsKSJrtuu4PNDMv+jAG+wb0,3.857051,7.367269,27.384785,0,2591700,22.59272,Interactive,1,1.75
574500,aBesI3vPItgV9K8KujDHhq6Ylk0T+x7OICppEE5WrKsKSJrtuu4PNDMv+jAG+wb0,3.563289,5.1601360000000005,9.152292999999998,0,2591700,22.59272,Interactive,1,1.75
574800,aBesI3vPItgV9K8KujDHhq6Ylk0T+x7OICppEE5WrKsKSJrtuu4PNDMv+jAG+wb0,4.05789,5.219441000000001,9.612446,0,2591700,22.59272,Interactive,1,1.75
575100,aBesI3vPItgV9K8KujDHhq6Ylk0T+x7OICppEE5WrKsKSJrtuu4PNDMv+jAG+wb0,3.409946,5.043894,8.698367,0,2591700,22.59272,Interactive,1,1.75
575400,aBesI3vPItgV9K8KujDHhq6Ylk0T+x7OICppEE5WrKsKSJrtuu4PNDMv+jAG+wb0,4.377197,5.40701,9.318206,0,2591700,22.59272,Interactive,1,1.75
575700,aBesI3vPItgV9K8KujDHhq6Ylk0T+x7OICppEE5WrKsKSJrtuu4PNDMv+jAG+wb0,4.162075,5.356351999999999,9.243356,0,2591700,22.59272,Interactive,1,1.75
576000,aBesI3vPItgV9K8KujDHhq6Ylk0T+x7OICppEE5WrKsKSJrtuu4PNDMv+jAG+wb0,3.27448,8.470724,29.869948,0,2591700,22.59272,Interactive,1,1.75
576300,aBesI3vPItgV9K8KujDHhq6Ylk0T+x7OICppEE5WrKsKSJrtuu4PNDMv+jAG+wb0,4.250818,6.487096,17.110846,0,2591700,22.59272,Interactive,1,1.75
576600,aBesI3vPItgV9K8KujDHhq6Ylk0T+x7OICppEE5WrKsKSJrtuu4PNDMv+jAG+wb0,4.221766000000001,5.409883,10.010208,0,2591700,22.59272,Interactive,1,1.75
576900,aBesI3vPItgV9K8KujDHhq6Ylk0T+x7OICppEE5WrKsKSJrtuu4PNDMv+jAG+wb0,3.935352,5.303212,8.879627000000001,0,2591700,22.59272,Interactive,1,1.75
577200,aBesI3vPItgV9K8KujDHhq6Ylk0T+x7OICppEE5WrKsKSJrtuu4PNDMv+jAG+wb0,3.230159,11.976608,30.887877000000003,0,2591700,22.59272,Interactive,1,1.75
577500,aBesI3vPItgV9K8KujDHhq6Ylk0T+x7OICppEE5WrKsKSJrtuu4PNDMv+jAG+wb0,4.624332,5.81693,9.213059,0,2591700,22.59272,Interactive,1,1.75
577800,aBesI3vPItgV9K8KujDHhq6Ylk0T+x7OICppEE5WrKsKSJrtuu4PNDMv+jAG+wb0,3.852768,7.162746,19.743668,0,2591700,22.59272,Interactive,1,1.75
578100,aBesI3vPItgV9K8KujDHhq6Ylk0T+x7OICppEE5WrKsKSJrtuu4PNDMv+jAG+wb0,2.715215,5.04214,9.049715,0,2591700,22.59272,Interactive,1,1.75
578400,aBesI3vPItgV9K8KujDHhq6Ylk0T+x7OICppEE5WrKsKSJrtuu4PNDMv+jAG+wb0,4.357545,5.462869,9.720294,0,2591700,22.59272,Interactive,1,1.75
578700,aBesI3vPItgV9K8KujDHhq6Ylk0T+x7OICppEE5WrKsKSJrtuu4PNDMv+jAG+wb0,2.913786,4.946562,8.817978,0,2591700,22.59272,Interactive,1,1.75
579000,aBesI3vPItgV9K8KujDHhq6Ylk0T+x7OICppEE5WrKsKSJrtuu4PNDMv+jAG+wb0,4.15502,5.286105,9.084017,0,2591700,22.59272,Interactive,1,1.75
579300,aBesI3vPItgV9K8KujDHhq6Ylk0T+x7OICppEE5WrKsKSJrtuu4PNDMv+jAG+wb0,4.063812,5.342434,9.498746,0,2591700,22.59272,Interactive,1,1.75
579600,aBesI3vPItgV9K8KujDHhq6Ylk0T+x7OICppEE5WrKsKSJrtuu4PNDMv+jAG+wb0,4.126746,5.323675,9.26203,0,2591700,22.59272,Interactive,1,1.75
579900,aBesI3vPItgV9K8KujDHhq6Ylk0T+x7OICppEE5WrKsKSJrtuu4PNDMv+jAG+wb0,3.1186540000000003,5.086633999999999,8.787922,0,2591700,22.59272,Interactive,1,1.75
580200,aBesI3vPItgV9K8KujDHhq6Ylk0T+x7OICppEE5WrKsKSJrtuu4PNDMv+jAG+wb0,4.1994,5.267016,9.366021,0,2591700,22.59272,Interactive,1,1.75
580500,aBesI3vPItgV9K8KujDHhq6Ylk0T+x7OICppEE5WrKsKSJrtuu4PNDMv+jAG+wb0,3.487617,4.964446,8.860242,0,2591700,22.59272,Interactive,1,1.75
580800,aBesI3vPItgV9K8KujDHhq6Ylk0T+x7OICppEE5WrKsKSJrtuu4PNDMv+jAG+wb0,3.401609,5.264914,9.159803,0,2591700,22.59272,Interactive,1,1.75
581100,aBesI3vPItgV9K8KujDHhq6Ylk0T+x7OICppEE5WrKsKSJrtuu4PNDMv+jAG+wb0,4.276264,5.406836,9.321837,0,2591700,22.59272,Interactive,1,1.75
581400,aBesI3vPItgV9K8KujDHhq6Ylk0T+x7OICppEE5WrKsKSJrtuu4PNDMv+jAG+wb0,3.1031150000000003,7.779708,27.393983,0,2591700,22.59272,Interactive,1,1.75
581700,aBesI3vPItgV9K8KujDHhq6Ylk0T+x7OICppEE5WrKsKSJrtuu4PNDMv+jAG+wb0,4.343611,5.35353,8.990965,0,2591700,22.59272,Interactive,1,1.75
582000,aBesI3vPItgV9K8KujDHhq6Ylk0T+x7OICppEE5WrKsKSJrtuu4PNDMv+jAG+wb0,4.30385,5.341965,9.86629,0,2591700,22.59272,Interactive,1,1.75
582300,aBesI3vPItgV9K8KujDHhq6Ylk0T+x7OICppEE5WrKsKSJrtuu4PNDMv+jAG+wb0,3.908704,5.332955,8.837067999999999,0,2591700,22.59272,Interactive,1,1.75
582600,aBesI3vPItgV9K8KujDHhq6Ylk0T+x7OICppEE5WrKsKSJrtuu4PNDMv+jAG+wb0,3.130712,5.063693,8.882347,0,2591700,22.59272,Interactive,1,1.75
582900,aBesI3vPItgV9K8KujDHhq6Ylk0T+x7OICppEE5WrKsKSJrtuu4PNDMv+jAG+wb0,4.373476,5.361682,9.47043,0,2591700,22.59272,Interactive,1,1.75
583200,aBesI3vPItgV9K8KujDHhq6Ylk0T+x7OICppEE5WrKsKSJrtuu4PNDMv+jAG+wb0,3.91692,5.082863,9.338935,0,2591700,22.59272,Interactive,1,1.75
583500,aBesI3vPItgV9K8KujDHhq6Ylk0T+x7OICppEE5WrKsKSJrtuu4PNDMv+jAG+wb0,4.474717,5.59069,9.005595,0,2591700,22.59272,Interactive,1,1.75
583800,aBesI3vPItgV9K8KujDHhq6Ylk0T+x7OICppEE5WrKsKSJrtuu4PNDMv+jAG+wb0,4.27751,5.296323,10.756313,0,2591700,22.59272,Interactive,1,1.75
584100,aBesI3vPItgV9K8KujDHhq6Ylk0T+x7OICppEE5WrKsKSJrtuu4PNDMv+jAG+wb0,3.941697,5.365348,9.097086,0,2591700,22.59272,Interactive,1,1.75
584400,aBesI3vPItgV9K8KujDHhq6Ylk0T+x7OICppEE5WrKsKSJrtuu4PNDMv+jAG+wb0,4.172082,5.156013,8.976045,0,2591700,22.59272,Interactive,1,1.75
584700,aBesI3vPItgV9K8KujDHhq6Ylk0T+x7OICppEE5WrKsKSJrtuu4PNDMv+jAG+wb0,4.342605000000001,5.580114,10.888941,0,2591700,22.59272,Interactive,1,1.75
585000,aBesI3vPItgV9K8KujDHhq6Ylk0T+x7OICppEE5WrKsKSJrtuu4PNDMv+jAG+wb0,3.874068,7.288653999999999,22.884708,0,2591700,22.59272,Interactive,1,1.75
585300,aBesI3vPItgV9K8KujDHhq6Ylk0T+x7OICppEE5WrKsKSJrtuu4PNDMv+jAG+wb0,3.907866,5.597497,9.340892,0,2591700,22.59272,Interactive,1,1.75
585600,aBesI3vPItgV9K8KujDHhq6Ylk0T+x7OICppEE5WrKsKSJrtuu4PNDMv+jAG+wb0,4.277439,5.797833,11.939158,0,2591700,22.59272,Interactive,1,1.75
585900,aBesI3vPItgV9K8KujDHhq6Ylk0T+x7OICppEE5WrKsKSJrtuu4PNDMv+jAG+wb0,3.775627,5.2745370000000005,9.444104,0,2591700,22.59272,Interactive,1,1.75
586200,aBesI3vPItgV9K8KujDHhq6Ylk0T+x7OICppEE5WrKsKSJrtuu4PNDMv+jAG+wb0,3.513638,5.128406,9.324893,0,2591700,22.59272,Interactive,1,1.75
586500,aBesI3vPItgV9K8KujDHhq6Ylk0T+x7OICppEE5WrKsKSJrtuu4PNDMv+jAG+wb0,4.299886,5.457358999999999,10.607835,0,2591700,22.59272,Interactive,1,1.75
586800,aBesI3vPItgV9K8KujDHhq6Ylk0T+x7OICppEE5WrKsKSJrtuu4PNDMv+jAG+wb0,3.642568,5.3468290000000005,9.283409,0,2591700,22.59272,Interactive,1,1.75
587100,aBesI3vPItgV9K8KujDHhq6Ylk0T+x7OICppEE5WrKsKSJrtuu4PNDMv+jAG+wb0,4.172802,5.162704,9.108424,0,2591700,22.59272,Interactive,1,1.75
587400,aBesI3vPItgV9K8KujDHhq6Ylk0T+x7OICppEE5WrKsKSJrtuu4PNDMv+jAG+wb0,4.275421,5.531635,10.8236,0,2591700,22.59272,Interactive,1,1.75
587700,aBesI3vPItgV9K8KujDHhq6Ylk0T+x7OICppEE5WrKsKSJrtuu4PNDMv+jAG+wb0,3.874648000000001,5.317804,9.21685,0,2591700,22.59272,Interactive,1,1.75
588000,aBesI3vPItgV9K8KujDHhq6Ylk0T+x7OICppEE5WrKsKSJrtuu4PNDMv+jAG+wb0,4.1144680000000005,5.332346,9.267215,0,2591700,22.59272,Interactive,1,1.75
588300,aBesI3vPItgV9K8KujDHhq6Ylk0T+x7OICppEE5WrKsKSJrtuu4PNDMv+jAG+wb0,4.222681,5.4115470000000006,10.797013,0,2591700,22.59272,Interactive,1,1.75
588600,aBesI3vPItgV9K8KujDHhq6Ylk0T+x7OICppEE5WrKsKSJrtuu4PNDMv+jAG+wb0,4.125674,7.627234,26.218777000000003,0,2591700,22.59272,Interactive,1,1.75
588900,aBesI3vPItgV9K8KujDHhq6Ylk0T+x7OICppEE5WrKsKSJrtuu4PNDMv+jAG+wb0,4.1151800000000005,5.543072,10.139031,0,2591700,22.59272,Interactive,1,1.75
589200,aBesI3vPItgV9K8KujDHhq6Ylk0T+x7OICppEE5WrKsKSJrtuu4PNDMv+jAG+wb0,4.347135,5.4276480000000005,10.979307,0,2591700,22.59272,Interactive,1,1.75
589500,aBesI3vPItgV9K8KujDHhq6Ylk0T+x7OICppEE5WrKsKSJrtuu4PNDMv+jAG+wb0,4.057711,5.398211,9.004791,0,2591700,22.59272,Interactive,1,1.75
589800,aBesI3vPItgV9K8KujDHhq6Ylk0T+x7OICppEE5WrKsKSJrtuu4PNDMv+jAG+wb0,4.026301999999999,5.180962,9.042539,0,2591700,22.59272,Interactive,1,1.75
590100,aBesI3vPItgV9K8KujDHhq6Ylk0T+x7OICppEE5WrKsKSJrtuu4PNDMv+jAG+wb0,4.430784,5.617751,11.014082,0,2591700,22.59272,Interactive,1,1.75
590400,aBesI3vPItgV9K8KujDHhq6Ylk0T+x7OICppEE5WrKsKSJrtuu4PNDMv+jAG+wb0,4.029464,5.298932,9.1571,0,2591700,22.59272,Interactive,1,1.75
590700,aBesI3vPItgV9K8KujDHhq6Ylk0T+x7OICppEE5WrKsKSJrtuu4PNDMv+jAG+wb0,4.366644,5.422537999999999,9.353096,0,2591700,22.59272,Interactive,1,1.75
591000,aBesI3vPItgV9K8KujDHhq6Ylk0T+x7OICppEE5WrKsKSJrtuu4PNDMv+jAG+wb0,4.236954,5.449091,10.691116,0,2591700,22.59272,Interactive,1,1.75
591300,aBesI3vPItgV9K8KujDHhq6Ylk0T+x7OICppEE5WrKsKSJrtuu4PNDMv+jAG+wb0,3.622161,5.234988,9.214349,0,2591700,22.59272,Interactive,1,1.75
591600,aBesI3vPItgV9K8KujDHhq6Ylk0T+x7OICppEE5WrKsKSJrtuu4PNDMv+jAG+wb0,3.2935769999999995,5.114345,9.196915,0,2591700,22.59272,Interactive,1,1.75
591900,aBesI3vPItgV9K8KujDHhq6Ylk0T+x7OICppEE5WrKsKSJrtuu4PNDMv+jAG+wb0,4.393086,5.425913,10.141246,0,2591700,22.59272,Interactive,1,1.75
592200,aBesI3vPItgV9K8KujDHhq6Ylk0T+x7OICppEE5WrKsKSJrtuu4PNDMv+jAG+wb0,4.007559,7.351286,26.300576,0,2591700,22.59272,Interactive,1,1.75
592500,aBesI3vPItgV9K8KujDHhq6Ylk0T+x7OICppEE5WrKsKSJrtuu4PNDMv+jAG+wb0,4.182024,5.215884,9.323625,0,2591700,22.59272,Interactive,1,1.75
592800,aBesI3vPItgV9K8KujDHhq6Ylk0T+x7OICppEE5WrKsKSJrtuu4PNDMv+jAG+wb0,3.732818,5.325912000000001,9.91872,0,2591700,22.59272,Interactive,1,1.75
593100,aBesI3vPItgV9K8KujDHhq6Ylk0T+x7OICppEE5WrKsKSJrtuu4PNDMv+jAG+wb0,4.280945,5.769035,12.896834,0,2591700,22.59272,Interactive,1,1.75
593400,aBesI3vPItgV9K8KujDHhq6Ylk0T+x7OICppEE5WrKsKSJrtuu4PNDMv+jAG+wb0,3.84055,5.233365,9.303702,0,2591700,22.59272,Interactive,1,1.75
593700,aBesI3vPItgV9K8KujDHhq6Ylk0T+x7OICppEE5WrKsKSJrtuu4PNDMv+jAG+wb0,4.291856,5.487805000000001,9.697789,0,2591700,22.59272,Interactive,1,1.75
594000,aBesI3vPItgV9K8KujDHhq6Ylk0T+x7OICppEE5WrKsKSJrtuu4PNDMv+jAG+wb0,4.199221,5.442469,9.677273,0,2591700,22.59272,Interactive,1,1.75
594300,aBesI3vPItgV9K8KujDHhq6Ylk0T+x7OICppEE5WrKsKSJrtuu4PNDMv+jAG+wb0,4.037592,5.175424,9.038513,0,2591700,22.59272,Interactive,1,1.75
594600,aBesI3vPItgV9K8KujDHhq6Ylk0T+x7OICppEE5WrKsKSJrtuu4PNDMv+jAG+wb0,4.334323,5.415259,9.46368,0,2591700,22.59272,Interactive,1,1.75
594900,aBesI3vPItgV9K8KujDHhq6Ylk0T+x7OICppEE5WrKsKSJrtuu4PNDMv+jAG+wb0,4.271691000000001,5.63048,9.333004,0,2591700,22.59272,Interactive,1,1.75
595200,aBesI3vPItgV9K8KujDHhq6Ylk0T+x7OICppEE5WrKsKSJrtuu4PNDMv+jAG+wb0,4.050029,5.376251,9.28816,0,2591700,22.59272,Interactive,1,1.75
595500,aBesI3vPItgV9K8KujDHhq6Ylk0T+x7OICppEE5WrKsKSJrtuu4PNDMv+jAG+wb0,3.504968,5.3343940000000005,9.921675,0,2591700,22.59272,Interactive,1,1.75
595800,aBesI3vPItgV9K8KujDHhq6Ylk0T+x7OICppEE5WrKsKSJrtuu4PNDMv+jAG+wb0,4.0924190000000005,5.938663,11.824077,0,2591700,22.59272,Interactive,1,1.75
596100,aBesI3vPItgV9K8KujDHhq6Ylk0T+x7OICppEE5WrKsKSJrtuu4PNDMv+jAG+wb0,3.838813,6.708694,19.982933,0,2591700,22.59272,Interactive,1,1.75
596400,aBesI3vPItgV9K8KujDHhq6Ylk0T+x7OICppEE5WrKsKSJrtuu4PNDMv+jAG+wb0,4.317001,5.433389,9.406094,0,2591700,22.59272,Interactive,1,1.75
596700,aBesI3vPItgV9K8KujDHhq6Ylk0T+x7OICppEE5WrKsKSJrtuu4PNDMv+jAG+wb0,4.0143830000000005,5.2162180000000005,9.122509,0,2591700,22.59272,Interactive,1,1.75
597000,aBesI3vPItgV9K8KujDHhq6Ylk0T+x7OICppEE5WrKsKSJrtuu4PNDMv+jAG+wb0,3.973563,5.118019,9.254668,0,2591700,22.59272,Interactive,1,1.75
597300,aBesI3vPItgV9K8KujDHhq6Ylk0T+x7OICppEE5WrKsKSJrtuu4PNDMv+jAG+wb0,4.571253,5.481603,9.42664,0,2591700,22.59272,Interactive,1,1.75
597600,aBesI3vPItgV9K8KujDHhq6Ylk0T+x7OICppEE5WrKsKSJrtuu4PNDMv+jAG+wb0,3.870649,5.284948,9.466555,0,2591700,22.59272,Interactive,1,1.75
597900,aBesI3vPItgV9K8KujDHhq6Ylk0T+x7OICppEE5WrKsKSJrtuu4PNDMv+jAG+wb0,4.168051,5.244127,9.206949,0,2591700,22.59272,Interactive,1,1.75
598200,aBesI3vPItgV9K8KujDHhq6Ylk0T+x7OICppEE5WrKsKSJrtuu4PNDMv+jAG+wb0,3.757275,5.377002,9.809021,0,2591700,22.59272,Interactive,1,1.75
598500,aBesI3vPItgV9K8KujDHhq6Ylk0T+x7OICppEE5WrKsKSJrtuu4PNDMv+jAG+wb0,4.071811,5.366872,9.332772,0,2591700,22.59272,Interactive,1,1.75
598800,aBesI3vPItgV9K8KujDHhq6Ylk0T+x7OICppEE5WrKsKSJrtuu4PNDMv+jAG+wb0,4.103535,5.20145,9.471581,0,2591700,22.59272,Interactive,1,1.75
599100,aBesI3vPItgV9K8KujDHhq6Ylk0T+x7OICppEE5WrKsKSJrtuu4PNDMv+jAG+wb0,4.498928,5.521878,9.390546,0,2591700,22.59272,Interactive,1,1.75
599400,aBesI3vPItgV9K8KujDHhq6Ylk0T+x7OICppEE5WrKsKSJrtuu4PNDMv+jAG+wb0,3.660271,5.165247,9.102059,0,2591700,22.59272,Interactive,1,1.75
599700,aBesI3vPItgV9K8KujDHhq6Ylk0T+x7OICppEE5WrKsKSJrtuu4PNDMv+jAG+wb0,4.241398,7.352117999999999,25.760943,0,2591700,22.59272,Interactive,1,1.75
600000,aBesI3vPItgV9K8KujDHhq6Ylk0T+x7OICppEE5WrKsKSJrtuu4PNDMv+jAG+wb0,4.047275,11.983435,58.196031000000005,0,2591700,22.59272,Interactive,1,1.75
600300,aBesI3vPItgV9K8KujDHhq6Ylk0T+x7OICppEE5WrKsKSJrtuu4PNDMv+jAG+wb0,4.126197,5.5568480000000005,9.242176,0,2591700,22.59272,Interactive,1,1.75
600600,aBesI3vPItgV9K8KujDHhq6Ylk0T+x7OICppEE5WrKsKSJrtuu4PNDMv+jAG+wb0,4.104811,5.243159,9.545359,0,2591700,22.59272,Interactive,1,1.75
600900,aBesI3vPItgV9K8KujDHhq6Ylk0T+x7OICppEE5WrKsKSJrtuu4PNDMv+jAG+wb0,4.563457,5.134568,5.884335,0,2591700,22.59272,Interactive,1,1.75
601200,aBesI3vPItgV9K8KujDHhq6Ylk0T+x7OICppEE5WrKsKSJrtuu4PNDMv+jAG+wb0,4.243027,5.292026,9.285896,0,2591700,22.59272,Interactive,1,1.75
601500,aBesI3vPItgV9K8KujDHhq6Ylk0T+x7OICppEE5WrKsKSJrtuu4PNDMv+jAG+wb0,4.207808,5.7224260000000005,9.948112,0,2591700,22.59272,Interactive,1,1.75
601800,aBesI3vPItgV9K8KujDHhq6Ylk0T+x7OICppEE5WrKsKSJrtuu4PNDMv+jAG+wb0,4.233115,5.485762,9.300455,0,2591700,22.59272,Interactive,1,1.75
602100,aBesI3vPItgV9K8KujDHhq6Ylk0T+x7OICppEE5WrKsKSJrtuu4PNDMv+jAG+wb0,3.4341980000000003,5.130972,9.299346,0,2591700,22.59272,Interactive,1,1.75
602400,aBesI3vPItgV9K8KujDHhq6Ylk0T+x7OICppEE5WrKsKSJrtuu4PNDMv+jAG+wb0,4.025551,5.547822,10.57126,0,2591700,22.59272,Interactive,1,1.75
602700,aBesI3vPItgV9K8KujDHhq6Ylk0T+x7OICppEE5WrKsKSJrtuu4PNDMv+jAG+wb0,3.565154,6.167975,9.775094,0,2591700,22.59272,Interactive,1,1.75
603000,aBesI3vPItgV9K8KujDHhq6Ylk0T+x7OICppEE5WrKsKSJrtuu4PNDMv+jAG+wb0,3.008955,5.002234,9.39773,0,2591700,22.59272,Interactive,1,1.75
603300,aBesI3vPItgV9K8KujDHhq6Ylk0T+x7OICppEE5WrKsKSJrtuu4PNDMv+jAG+wb0,4.09095,7.490739,19.096222,0,2591700,22.59272,Interactive,1,1.75
603600,aBesI3vPItgV9K8KujDHhq6Ylk0T+x7OICppEE5WrKsKSJrtuu4PNDMv+jAG+wb0,3.969909,4.83413,6.390291,0,2591700,22.59272,Interactive,1,1.75
603900,aBesI3vPItgV9K8KujDHhq6Ylk0T+x7OICppEE5WrKsKSJrtuu4PNDMv+jAG+wb0,3.734471,5.152171,9.384842,0,2591700,22.59272,Interactive,1,1.75
604200,aBesI3vPItgV9K8KujDHhq6Ylk0T+x7OICppEE5WrKsKSJrtuu4PNDMv+jAG+wb0,3.039002,5.79338,10.637724,0,2591700,22.59272,Interactive,1,1.75
604500,aBesI3vPItgV9K8KujDHhq6Ylk0T+x7OICppEE5WrKsKSJrtuu4PNDMv+jAG+wb0,4.296303,5.900807,9.655173,0,2591700,22.59272,Interactive,1,1.75
604800,aBesI3vPItgV9K8KujDHhq6Ylk0T+x7OICppEE5WrKsKSJrtuu4PNDMv+jAG+wb0,3.640009,5.216939,9.411973,0,2591700,22.59272,Interactive,1,1.75
605100,aBesI3vPItgV9K8KujDHhq6Ylk0T+x7OICppEE5WrKsKSJrtuu4PNDMv+jAG+wb0,4.17786,5.32665,10.576372,0,2591700,22.59272,Interactive,1,1.75
605400,aBesI3vPItgV9K8KujDHhq6Ylk0T+x7OICppEE5WrKsKSJrtuu4PNDMv+jAG+wb0,4.1653720000000005,5.606741,9.436234,0,2591700,22.59272,Interactive,1,1.75
605700,aBesI3vPItgV9K8KujDHhq6Ylk0T+x7OICppEE5WrKsKSJrtuu4PNDMv+jAG+wb0,3.1514450000000003,5.077634,9.24671,0,2591700,22.59272,Interactive,1,1.75
606000,aBesI3vPItgV9K8KujDHhq6Ylk0T+x7OICppEE5WrKsKSJrtuu4PNDMv+jAG+wb0,4.226964,11.959662,31.436706,0,2591700,22.59272,Interactive,1,1.75
606300,aBesI3vPItgV9K8KujDHhq6Ylk0T+x7OICppEE5WrKsKSJrtuu4PNDMv+jAG+wb0,2.645856,4.662156,6.861038000000001,0,2591700,22.59272,Interactive,1,1.75
606600,aBesI3vPItgV9K8KujDHhq6Ylk0T+x7OICppEE5WrKsKSJrtuu4PNDMv+jAG+wb0,3.66691,5.028647,9.196159,0,2591700,22.59272,Interactive,1,1.75
606900,aBesI3vPItgV9K8KujDHhq6Ylk0T+x7OICppEE5WrKsKSJrtuu4PNDMv+jAG+wb0,3.582383,7.178041,26.250139,0,2591700,22.59272,Interactive,1,1.75
607200,aBesI3vPItgV9K8KujDHhq6Ylk0T+x7OICppEE5WrKsKSJrtuu4PNDMv+jAG+wb0,3.911964,5.232949,9.526817,0,2591700,22.59272,Interactive,1,1.75
607500,aBesI3vPItgV9K8KujDHhq6Ylk0T+x7OICppEE5WrKsKSJrtuu4PNDMv+jAG+wb0,2.715872,4.77637,9.281647,0,2591700,22.59272,Interactive,1,1.75
607800,aBesI3vPItgV9K8KujDHhq6Ylk0T+x7OICppEE5WrKsKSJrtuu4PNDMv+jAG+wb0,3.986005000000001,5.179926,10.417134,0,2591700,22.59272,Interactive,1,1.75
608100,aBesI3vPItgV9K8KujDHhq6Ylk0T+x7OICppEE5WrKsKSJrtuu4PNDMv+jAG+wb0,3.863229,5.195917,9.548565,0,2591700,22.59272,Interactive,1,1.75
608400,aBesI3vPItgV9K8KujDHhq6Ylk0T+x7OICppEE5WrKsKSJrtuu4PNDMv+jAG+wb0,3.5877410000000003,5.033676,9.182209,0,2591700,22.59272,Interactive,1,1.75
608700,aBesI3vPItgV9K8KujDHhq6Ylk0T+x7OICppEE5WrKsKSJrtuu4PNDMv+jAG+wb0,3.933091000000001,5.210667,10.367116,0,2591700,22.59272,Interactive,1,1.75
609000,aBesI3vPItgV9K8KujDHhq6Ylk0T+x7OICppEE5WrKsKSJrtuu4PNDMv+jAG+wb0,2.99534,4.548202,6.077408999999999,0,2591700,22.59272,Interactive,1,1.75
609300,aBesI3vPItgV9K8KujDHhq6Ylk0T+x7OICppEE5WrKsKSJrtuu4PNDMv+jAG+wb0,3.5946,5.054542,9.005489,0,2591700,22.59272,Interactive,1,1.75
609600,aBesI3vPItgV9K8KujDHhq6Ylk0T+x7OICppEE5WrKsKSJrtuu4PNDMv+jAG+wb0,3.923236,5.3556040000000005,11.351395,0,2591700,22.59272,Interactive,1,1.75
609900,aBesI3vPItgV9K8KujDHhq6Ylk0T+x7OICppEE5WrKsKSJrtuu4PNDMv+jAG+wb0,4.088628,5.307247,9.40399,0,2591700,22.59272,Interactive,1,1.75
610200,aBesI3vPItgV9K8KujDHhq6Ylk0T+x7OICppEE5WrKsKSJrtuu4PNDMv+jAG+wb0,3.533926,4.9521120000000005,9.28584,0,2591700,22.59272,Interactive,1,1.75
610500,aBesI3vPItgV9K8KujDHhq6Ylk0T+x7OICppEE5WrKsKSJrtuu4PNDMv+jAG+wb0,3.995414,7.286744,25.426094,0,2591700,22.59272,Interactive,1,1.75
610800,aBesI3vPItgV9K8KujDHhq6Ylk0T+x7OICppEE5WrKsKSJrtuu4PNDMv+jAG+wb0,4.10424,5.794681,10.038046,0,2591700,22.59272,Interactive,1,1.75
611100,aBesI3vPItgV9K8KujDHhq6Ylk0T+x7OICppEE5WrKsKSJrtuu4PNDMv+jAG+wb0,3.68737,5.728098,11.744618,0,2591700,22.59272,Interactive,1,1.75
611400,aBesI3vPItgV9K8KujDHhq6Ylk0T+x7OICppEE5WrKsKSJrtuu4PNDMv+jAG+wb0,3.976463,5.2282660000000005,9.414462,0,2591700,22.59272,Interactive,1,1.75
611700,aBesI3vPItgV9K8KujDHhq6Ylk0T+x7OICppEE5WrKsKSJrtuu4PNDMv+jAG+wb0,2.957919,4.6028910000000005,5.5335,0,2591700,22.59272,Interactive,1,1.75
612000,aBesI3vPItgV9K8KujDHhq6Ylk0T+x7OICppEE5WrKsKSJrtuu4PNDMv+jAG+wb0,3.57322,5.062185,9.30151,0,2591700,22.59272,Interactive,1,1.75
612300,aBesI3vPItgV9K8KujDHhq6Ylk0T+x7OICppEE5WrKsKSJrtuu4PNDMv+jAG+wb0,3.96856,5.214251,9.066939,0,2591700,22.59272,Interactive,1,1.75
612600,aBesI3vPItgV9K8KujDHhq6Ylk0T+x7OICppEE5WrKsKSJrtuu4PNDMv+jAG+wb0,4.14835,5.293407,9.437866,0,2591700,22.59272,Interactive,1,1.75
612900,aBesI3vPItgV9K8KujDHhq6Ylk0T+x7OICppEE5WrKsKSJrtuu4PNDMv+jAG+wb0,3.101587,4.928266000000001,9.157002,0,2591700,22.59272,Interactive,1,1.75
613200,aBesI3vPItgV9K8KujDHhq6Ylk0T+x7OICppEE5WrKsKSJrtuu4PNDMv+jAG+wb0,4.166351000000001,5.204065,9.357833,0,2591700,22.59272,Interactive,1,1.75
613500,aBesI3vPItgV9K8KujDHhq6Ylk0T+x7OICppEE5WrKsKSJrtuu4PNDMv+jAG+wb0,3.965655,5.311527,9.480207,0,2591700,22.59272,Interactive,1,1.75
613800,aBesI3vPItgV9K8KujDHhq6Ylk0T+x7OICppEE5WrKsKSJrtuu4PNDMv+jAG+wb0,3.699829,5.537885,9.591496,0,2591700,22.59272,Interactive,1,1.75
614100,aBesI3vPItgV9K8KujDHhq6Ylk0T+x7OICppEE5WrKsKSJrtuu4PNDMv+jAG+wb0,4.1116790000000005,7.390019000000001,25.65731,0,2591700,22.59272,Interactive,1,1.75
614400,aBesI3vPItgV9K8KujDHhq6Ylk0T+x7OICppEE5WrKsKSJrtuu4PNDMv+jAG+wb0,3.96845,4.712411,5.713518,0,2591700,22.59272,Interactive,1,1.75
614700,aBesI3vPItgV9K8KujDHhq6Ylk0T+x7OICppEE5WrKsKSJrtuu4PNDMv+jAG+wb0,3.654383,5.097203,9.178106,0,2591700,22.59272,Interactive,1,1.75
615000,aBesI3vPItgV9K8KujDHhq6Ylk0T+x7OICppEE5WrKsKSJrtuu4PNDMv+jAG+wb0,3.307609,5.094395,9.07198,0,2591700,22.59272,Interactive,1,1.75
615300,aBesI3vPItgV9K8KujDHhq6Ylk0T+x7OICppEE5WrKsKSJrtuu4PNDMv+jAG+wb0,4.283348999999999,5.357558,9.279887,0,2591700,22.59272,Interactive,1,1.75
615600,aBesI3vPItgV9K8KujDHhq6Ylk0T+x7OICppEE5WrKsKSJrtuu4PNDMv+jAG+wb0,2.894115,4.818723,9.091644,0,2591700,22.59272,Interactive,1,1.75
615900,aBesI3vPItgV9K8KujDHhq6Ylk0T+x7OICppEE5WrKsKSJrtuu4PNDMv+jAG+wb0,4.207652,5.245179,9.097276,0,2591700,22.59272,Interactive,1,1.75
616200,aBesI3vPItgV9K8KujDHhq6Ylk0T+x7OICppEE5WrKsKSJrtuu4PNDMv+jAG+wb0,3.020276,5.116162,9.123813,0,2591700,22.59272,Interactive,1,1.75
616500,aBesI3vPItgV9K8KujDHhq6Ylk0T+x7OICppEE5WrKsKSJrtuu4PNDMv+jAG+wb0,3.655459,6.1891050000000005,16.101751999999998,0,2591700,22.59272,Interactive,1,1.75
616800,aBesI3vPItgV9K8KujDHhq6Ylk0T+x7OICppEE5WrKsKSJrtuu4PNDMv+jAG+wb0,4.022177,5.404449,9.544696,0,2591700,22.59272,Interactive,1,1.75
617100,aBesI3vPItgV9K8KujDHhq6Ylk0T+x7OICppEE5WrKsKSJrtuu4PNDMv+jAG+wb0,3.201478,4.954726,5.937005,0,2591700,22.59272,Interactive,1,1.75
617400,aBesI3vPItgV9K8KujDHhq6Ylk0T+x7OICppEE5WrKsKSJrtuu4PNDMv+jAG+wb0,3.621558,5.044494,8.932091,0,2591700,22.59272,Interactive,1,1.75
617700,aBesI3vPItgV9K8KujDHhq6Ylk0T+x7OICppEE5WrKsKSJrtuu4PNDMv+jAG+wb0,3.3186379999999995,7.217827000000001,26.190265,0,2591700,22.59272,Interactive,1,1.75
618000,aBesI3vPItgV9K8KujDHhq6Ylk0T+x7OICppEE5WrKsKSJrtuu4PNDMv+jAG+wb0,4.27156,5.267524,9.433828,0,2591700,22.59272,Interactive,1,1.75
618300,aBesI3vPItgV9K8KujDHhq6Ylk0T+x7OICppEE5WrKsKSJrtuu4PNDMv+jAG+wb0,2.6436900000000003,4.834918,9.31701,0,2591700,22.59272,Interactive,1,1.75
618600,aBesI3vPItgV9K8KujDHhq6Ylk0T+x7OICppEE5WrKsKSJrtuu4PNDMv+jAG+wb0,3.90502,5.186972,8.814535000000001,0,2591700,22.59272,Interactive,1,1.75
618900,aBesI3vPItgV9K8KujDHhq6Ylk0T+x7OICppEE5WrKsKSJrtuu4PNDMv+jAG+wb0,2.996263,5.172418,9.391892,0,2591700,22.59272,Interactive,1,1.75
619200,aBesI3vPItgV9K8KujDHhq6Ylk0T+x7OICppEE5WrKsKSJrtuu4PNDMv+jAG+wb0,3.688601,5.452554,9.125717,0,2591700,22.59272,Interactive,1,1.75
619500,aBesI3vPItgV9K8KujDHhq6Ylk0T+x7OICppEE5WrKsKSJrtuu4PNDMv+jAG+wb0,3.966849,5.226542,9.250751,0,2591700,22.59272,Interactive,1,1.75
619800,aBesI3vPItgV9K8KujDHhq6Ylk0T+x7OICppEE5WrKsKSJrtuu4PNDMv+jAG+wb0,3.44567,4.84301,7.173466,0,2591700,22.59272,Interactive,1,1.75
620100,aBesI3vPItgV9K8KujDHhq6Ylk0T+x7OICppEE5WrKsKSJrtuu4PNDMv+jAG+wb0,3.67944,5.228656,10.314128,0,2591700,22.59272,Interactive,1,1.75
620400,aBesI3vPItgV9K8KujDHhq6Ylk0T+x7OICppEE5WrKsKSJrtuu4PNDMv+jAG+wb0,2.991455,5.126398,9.07871,0,2591700,22.59272,Interactive,1,1.75
620700,aBesI3vPItgV9K8KujDHhq6Ylk0T+x7OICppEE5WrKsKSJrtuu4PNDMv+jAG+wb0,3.987201,5.19493,9.232691,0,2591700,22.59272,Interactive,1,1.75
621000,aBesI3vPItgV9K8KujDHhq6Ylk0T+x7OICppEE5WrKsKSJrtuu4PNDMv+jAG+wb0,2.846442,4.969083,10.165545,0,2591700,22.59272,Interactive,1,1.75
621300,aBesI3vPItgV9K8KujDHhq6Ylk0T+x7OICppEE5WrKsKSJrtuu4PNDMv+jAG+wb0,4.105041,7.389829,19.249433,0,2591700,22.59272,Interactive,1,1.75
621600,aBesI3vPItgV9K8KujDHhq6Ylk0T+x7OICppEE5WrKsKSJrtuu4PNDMv+jAG+wb0,3.251344,5.074859,9.399792,0,2591700,22.59272,Interactive,1,1.75
621900,aBesI3vPItgV9K8KujDHhq6Ylk0T+x7OICppEE5WrKsKSJrtuu4PNDMv+jAG+wb0,3.603609,6.135366,14.003264,0,2591700,22.59272,Interactive,1,1.75
622200,aBesI3vPItgV9K8KujDHhq6Ylk0T+x7OICppEE5WrKsKSJrtuu4PNDMv+jAG+wb0,3.930801,5.148668,8.878203,0,2591700,22.59272,Interactive,1,1.75
622500,aBesI3vPItgV9K8KujDHhq6Ylk0T+x7OICppEE5WrKsKSJrtuu4PNDMv+jAG+wb0,3.487103,4.610072,5.935853,0,2591700,22.59272,Interactive,1,1.75
622800,aBesI3vPItgV9K8KujDHhq6Ylk0T+x7OICppEE5WrKsKSJrtuu4PNDMv+jAG+wb0,3.702596,5.158854,10.441047,0,2591700,22.59272,Interactive,1,1.75
623100,aBesI3vPItgV9K8KujDHhq6Ylk0T+x7OICppEE5WrKsKSJrtuu4PNDMv+jAG+wb0,3.9382,5.221693,9.162798,0,2591700,22.59272,Interactive,1,1.75
623400,aBesI3vPItgV9K8KujDHhq6Ylk0T+x7OICppEE5WrKsKSJrtuu4PNDMv+jAG+wb0,4.32635,5.207018,9.322793,0,2591700,22.59272,Interactive,1,1.75
623700,aBesI3vPItgV9K8KujDHhq6Ylk0T+x7OICppEE5WrKsKSJrtuu4PNDMv+jAG+wb0,3.380792,5.089837,10.552922,0,2591700,22.59272,Interactive,1,1.75
624000,aBesI3vPItgV9K8KujDHhq6Ylk0T+x7OICppEE5WrKsKSJrtuu4PNDMv+jAG+wb0,4.008616,5.387975,9.172247,0,2591700,22.59272,Interactive,1,1.75
624300,aBesI3vPItgV9K8KujDHhq6Ylk0T+x7OICppEE5WrKsKSJrtuu4PNDMv+jAG+wb0,3.016042,5.131219000000001,9.459459,0,2591700,22.59272,Interactive,1,1.75
624600,aBesI3vPItgV9K8KujDHhq6Ylk0T+x7OICppEE5WrKsKSJrtuu4PNDMv+jAG+wb0,3.72271,5.747240000000001,10.204443,0,2591700,22.59272,Interactive,1,1.75
624900,aBesI3vPItgV9K8KujDHhq6Ylk0T+x7OICppEE5WrKsKSJrtuu4PNDMv+jAG+wb0,3.925364,7.337667999999999,24.73975,0,2591700,22.59272,Interactive,1,1.75
625200,aBesI3vPItgV9K8KujDHhq6Ylk0T+x7OICppEE5WrKsKSJrtuu4PNDMv+jAG+wb0,4.28141,5.11689,8.939341,0,2591700,22.59272,Interactive,1,1.75
625500,aBesI3vPItgV9K8KujDHhq6Ylk0T+x7OICppEE5WrKsKSJrtuu4PNDMv+jAG+wb0,3.744288,5.253586,10.553749,0,2591700,22.59272,Interactive,1,1.75
625800,aBesI3vPItgV9K8KujDHhq6Ylk0T+x7OICppEE5WrKsKSJrtuu4PNDMv+jAG+wb0,3.487074,5.092101,9.1361,0,2591700,22.59272,Interactive,1,1.75
626100,aBesI3vPItgV9K8KujDHhq6Ylk0T+x7OICppEE5WrKsKSJrtuu4PNDMv+jAG+wb0,4.077672,5.3150580000000005,9.448661,0,2591700,22.59272,Interactive,1,1.75
626400,aBesI3vPItgV9K8KujDHhq6Ylk0T+x7OICppEE5WrKsKSJrtuu4PNDMv+jAG+wb0,3.563369,5.031079,10.465157,0,2591700,22.59272,Interactive,1,1.75
626700,aBesI3vPItgV9K8KujDHhq6Ylk0T+x7OICppEE5WrKsKSJrtuu4PNDMv+jAG+wb0,3.945666000000001,5.282277,9.367117,0,2591700,22.59272,Interactive,1,1.75
627000,aBesI3vPItgV9K8KujDHhq6Ylk0T+x7OICppEE5WrKsKSJrtuu4PNDMv+jAG+wb0,4.009358,5.09681,9.270693,0,2591700,22.59272,Interactive,1,1.75
627300,aBesI3vPItgV9K8KujDHhq6Ylk0T+x7OICppEE5WrKsKSJrtuu4PNDMv+jAG+wb0,3.634884,6.310561,15.231626,0,2591700,22.59272,Interactive,1,1.75
627600,aBesI3vPItgV9K8KujDHhq6Ylk0T+x7OICppEE5WrKsKSJrtuu4PNDMv+jAG+wb0,3.829088,5.134515,9.193122,0,2591700,22.59272,Interactive,1,1.75
627900,aBesI3vPItgV9K8KujDHhq6Ylk0T+x7OICppEE5WrKsKSJrtuu4PNDMv+jAG+wb0,4.050921,4.741468,5.801265,0,2591700,22.59272,Interactive,1,1.75
628200,aBesI3vPItgV9K8KujDHhq6Ylk0T+x7OICppEE5WrKsKSJrtuu4PNDMv+jAG+wb0,3.658679,5.140288,10.152617,0,2591700,22.59272,Interactive,1,1.75
628500,aBesI3vPItgV9K8KujDHhq6Ylk0T+x7OICppEE5WrKsKSJrtuu4PNDMv+jAG+wb0,3.978288,5.212094,9.274077,0,2591700,22.59272,Interactive,1,1.75
628800,aBesI3vPItgV9K8KujDHhq6Ylk0T+x7OICppEE5WrKsKSJrtuu4PNDMv+jAG+wb0,4.203939,5.103059,9.116067,0,2591700,22.59272,Interactive,1,1.75
629100,aBesI3vPItgV9K8KujDHhq6Ylk0T+x7OICppEE5WrKsKSJrtuu4PNDMv+jAG+wb0,3.619949,5.100004,9.609286,0,2591700,22.59272,Interactive,1,1.75
629400,aBesI3vPItgV9K8KujDHhq6Ylk0T+x7OICppEE5WrKsKSJrtuu4PNDMv+jAG+wb0,4.101017,5.199648000000001,9.11924,0,2591700,22.59272,Interactive,1,1.75
629700,aBesI3vPItgV9K8KujDHhq6Ylk0T+x7OICppEE5WrKsKSJrtuu4PNDMv+jAG+wb0,4.099703,5.394162000000001,9.560852,0,2591700,22.59272,Interactive,1,1.75
630000,aBesI3vPItgV9K8KujDHhq6Ylk0T+x7OICppEE5WrKsKSJrtuu4PNDMv+jAG+wb0,3.699689,5.140562999999999,9.005245,0,2591700,22.59272,Interactive,1,1.75
630300,aBesI3vPItgV9K8KujDHhq6Ylk0T+x7OICppEE5WrKsKSJrtuu4PNDMv+jAG+wb0,4.110282,5.30599,9.158526,0,2591700,22.59272,Interactive,1,1.75
630600,aBesI3vPItgV9K8KujDHhq6Ylk0T+x7OICppEE5WrKsKSJrtuu4PNDMv+jAG+wb0,3.947739,5.119345,9.232068,0,2591700,22.59272,Interactive,1,1.75
630900,aBesI3vPItgV9K8KujDHhq6Ylk0T+x7OICppEE5WrKsKSJrtuu4PNDMv+jAG+wb0,3.891314,5.2597830000000005,9.324732,0,2591700,22.59272,Interactive,1,1.75
631200,aBesI3vPItgV9K8KujDHhq6Ylk0T+x7OICppEE5WrKsKSJrtuu4PNDMv+jAG+wb0,3.0197580000000004,5.097646,9.129781,0,2591700,22.59272,Interactive,1,1.75
631500,aBesI3vPItgV9K8KujDHhq6Ylk0T+x7OICppEE5WrKsKSJrtuu4PNDMv+jAG+wb0,4.132747,5.427071,9.441414,0,2591700,22.59272,Interactive,1,1.75
631800,aBesI3vPItgV9K8KujDHhq6Ylk0T+x7OICppEE5WrKsKSJrtuu4PNDMv+jAG+wb0,3.467128,5.054169,9.040854,0,2591700,22.59272,Interactive,1,1.75
632100,aBesI3vPItgV9K8KujDHhq6Ylk0T+x7OICppEE5WrKsKSJrtuu4PNDMv+jAG+wb0,4.106356,7.36088,25.439845,0,2591700,22.59272,Interactive,1,1.75
632400,aBesI3vPItgV9K8KujDHhq6Ylk0T+x7OICppEE5WrKsKSJrtuu4PNDMv+jAG+wb0,3.848998,5.135872,9.067221,0,2591700,22.59272,Interactive,1,1.75
632700,aBesI3vPItgV9K8KujDHhq6Ylk0T+x7OICppEE5WrKsKSJrtuu4PNDMv+jAG+wb0,3.321333,5.123173,9.037371,0,2591700,22.59272,Interactive,1,1.75
633000,aBesI3vPItgV9K8KujDHhq6Ylk0T+x7OICppEE5WrKsKSJrtuu4PNDMv+jAG+wb0,4.152508999999999,5.180551,8.946776,0,2591700,22.59272,Interactive,1,1.75
633300,aBesI3vPItgV9K8KujDHhq6Ylk0T+x7OICppEE5WrKsKSJrtuu4PNDMv+jAG+wb0,4.045876,5.215566,9.357579,0,2591700,22.59272,Interactive,1,1.75
633600,aBesI3vPItgV9K8KujDHhq6Ylk0T+x7OICppEE5WrKsKSJrtuu4PNDMv+jAG+wb0,3.701808,5.189430000000001,9.035735,0,2591700,22.59272,Interactive,1,1.75
633900,aBesI3vPItgV9K8KujDHhq6Ylk0T+x7OICppEE5WrKsKSJrtuu4PNDMv+jAG+wb0,4.032666000000001,5.297146,9.880691,0,2591700,22.59272,Interactive,1,1.75
634200,aBesI3vPItgV9K8KujDHhq6Ylk0T+x7OICppEE5WrKsKSJrtuu4PNDMv+jAG+wb0,4.273712000000001,5.254954,9.262159,0,2591700,22.59272,Interactive,1,1.75
634500,aBesI3vPItgV9K8KujDHhq6Ylk0T+x7OICppEE5WrKsKSJrtuu4PNDMv+jAG+wb0,4.126082,5.4178120000000005,9.148848,0,2591700,22.59272,Interactive,1,1.75
634800,aBesI3vPItgV9K8KujDHhq6Ylk0T+x7OICppEE5WrKsKSJrtuu4PNDMv+jAG+wb0,4.518452,11.962386,45.103348,0,2591700,22.59272,Interactive,1,1.75
635100,aBesI3vPItgV9K8KujDHhq6Ylk0T+x7OICppEE5WrKsKSJrtuu4PNDMv+jAG+wb0,4.48623,5.741012,9.453213,0,2591700,22.59272,Interactive,1,1.75
635400,aBesI3vPItgV9K8KujDHhq6Ylk0T+x7OICppEE5WrKsKSJrtuu4PNDMv+jAG+wb0,4.017127,5.742151,9.785853,0,2591700,22.59272,Interactive,1,1.75
635700,aBesI3vPItgV9K8KujDHhq6Ylk0T+x7OICppEE5WrKsKSJrtuu4PNDMv+jAG+wb0,3.84303,7.166944,17.704556,0,2591700,22.59272,Interactive,1,1.75
636000,aBesI3vPItgV9K8KujDHhq6Ylk0T+x7OICppEE5WrKsKSJrtuu4PNDMv+jAG+wb0,4.400715,5.285573,9.023377,0,2591700,22.59272,Interactive,1,1.75
636300,aBesI3vPItgV9K8KujDHhq6Ylk0T+x7OICppEE5WrKsKSJrtuu4PNDMv+jAG+wb0,3.875418,5.238816,9.350071,0,2591700,22.59272,Interactive,1,1.75
636600,aBesI3vPItgV9K8KujDHhq6Ylk0T+x7OICppEE5WrKsKSJrtuu4PNDMv+jAG+wb0,4.183338,5.160947,9.529031,0,2591700,22.59272,Interactive,1,1.75
636900,aBesI3vPItgV9K8KujDHhq6Ylk0T+x7OICppEE5WrKsKSJrtuu4PNDMv+jAG+wb0,4.078575,5.213604,9.495536,0,2591700,22.59272,Interactive,1,1.75
637200,aBesI3vPItgV9K8KujDHhq6Ylk0T+x7OICppEE5WrKsKSJrtuu4PNDMv+jAG+wb0,3.656328,5.322597,9.273858,0,2591700,22.59272,Interactive,1,1.75
637500,aBesI3vPItgV9K8KujDHhq6Ylk0T+x7OICppEE5WrKsKSJrtuu4PNDMv+jAG+wb0,4.244315,5.305522,9.345497,0,2591700,22.59272,Interactive,1,1.75
637800,aBesI3vPItgV9K8KujDHhq6Ylk0T+x7OICppEE5WrKsKSJrtuu4PNDMv+jAG+wb0,4.179056,5.232272,9.462997,0,2591700,22.59272,Interactive,1,1.75
638100,aBesI3vPItgV9K8KujDHhq6Ylk0T+x7OICppEE5WrKsKSJrtuu4PNDMv+jAG+wb0,3.93563,5.450694,9.295826,0,2591700,22.59272,Interactive,1,1.75
638400,aBesI3vPItgV9K8KujDHhq6Ylk0T+x7OICppEE5WrKsKSJrtuu4PNDMv+jAG+wb0,4.204561,5.082803,9.193758,0,2591700,22.59272,Interactive,1,1.75
638700,aBesI3vPItgV9K8KujDHhq6Ylk0T+x7OICppEE5WrKsKSJrtuu4PNDMv+jAG+wb0,4.362028,5.649999,10.67348,0,2591700,22.59272,Interactive,1,1.75
639000,aBesI3vPItgV9K8KujDHhq6Ylk0T+x7OICppEE5WrKsKSJrtuu4PNDMv+jAG+wb0,3.675323,5.166486,8.998224,0,2591700,22.59272,Interactive,1,1.75
639300,aBesI3vPItgV9K8KujDHhq6Ylk0T+x7OICppEE5WrKsKSJrtuu4PNDMv+jAG+wb0,4.020012,5.537338,9.528476,0,2591700,22.59272,Interactive,1,1.75
639600,aBesI3vPItgV9K8KujDHhq6Ylk0T+x7OICppEE5WrKsKSJrtuu4PNDMv+jAG+wb0,3.791012,5.244472,10.673012,0,2591700,22.59272,Interactive,1,1.75
639900,aBesI3vPItgV9K8KujDHhq6Ylk0T+x7OICppEE5WrKsKSJrtuu4PNDMv+jAG+wb0,3.961203,5.304239,9.347499,0,2591700,22.59272,Interactive,1,1.75
640200,aBesI3vPItgV9K8KujDHhq6Ylk0T+x7OICppEE5WrKsKSJrtuu4PNDMv+jAG+wb0,3.7623,5.06821,8.910647,0,2591700,22.59272,Interactive,1,1.75
640500,aBesI3vPItgV9K8KujDHhq6Ylk0T+x7OICppEE5WrKsKSJrtuu4PNDMv+jAG+wb0,3.908227,5.34025,10.695207,0,2591700,22.59272,Interactive,1,1.75
640800,aBesI3vPItgV9K8KujDHhq6Ylk0T+x7OICppEE5WrKsKSJrtuu4PNDMv+jAG+wb0,3.799904,5.3121730000000005,9.686121,0,2591700,22.59272,Interactive,1,1.75
641100,aBesI3vPItgV9K8KujDHhq6Ylk0T+x7OICppEE5WrKsKSJrtuu4PNDMv+jAG+wb0,3.894361,5.16014,9.207453999999998,0,2591700,22.59272,Interactive,1,1.75
641400,aBesI3vPItgV9K8KujDHhq6Ylk0T+x7OICppEE5WrKsKSJrtuu4PNDMv+jAG+wb0,3.742276,5.30216,10.190676,0,2591700,22.59272,Interactive,1,1.75
641700,aBesI3vPItgV9K8KujDHhq6Ylk0T+x7OICppEE5WrKsKSJrtuu4PNDMv+jAG+wb0,3.859738,5.272969,9.475949,0,2591700,22.59272,Interactive,1,1.75
642000,aBesI3vPItgV9K8KujDHhq6Ylk0T+x7OICppEE5WrKsKSJrtuu4PNDMv+jAG+wb0,3.799898,5.145241,9.435298,0,2591700,22.59272,Interactive,1,1.75
642300,aBesI3vPItgV9K8KujDHhq6Ylk0T+x7OICppEE5WrKsKSJrtuu4PNDMv+jAG+wb0,3.831783,5.425002,10.728568,0,2591700,22.59272,Interactive,1,1.75
642600,aBesI3vPItgV9K8KujDHhq6Ylk0T+x7OICppEE5WrKsKSJrtuu4PNDMv+jAG+wb0,4.281233,5.555587,9.202045,0,2591700,22.59272,Interactive,1,1.75
642900,aBesI3vPItgV9K8KujDHhq6Ylk0T+x7OICppEE5WrKsKSJrtuu4PNDMv+jAG+wb0,3.673043,7.279234,25.414722,0,2591700,22.59272,Interactive,1,1.75
643200,aBesI3vPItgV9K8KujDHhq6Ylk0T+x7OICppEE5WrKsKSJrtuu4PNDMv+jAG+wb0,3.948997,5.345025,10.520937,0,2591700,22.59272,Interactive,1,1.75
643500,aBesI3vPItgV9K8KujDHhq6Ylk0T+x7OICppEE5WrKsKSJrtuu4PNDMv+jAG+wb0,3.891932,5.282889,9.264267,0,2591700,22.59272,Interactive,1,1.75
643800,aBesI3vPItgV9K8KujDHhq6Ylk0T+x7OICppEE5WrKsKSJrtuu4PNDMv+jAG+wb0,3.737242,5.5380080000000005,9.153841,0,2591700,22.59272,Interactive,1,1.75
644100,aBesI3vPItgV9K8KujDHhq6Ylk0T+x7OICppEE5WrKsKSJrtuu4PNDMv+jAG+wb0,3.418652,5.315153,10.764937,0,2591700,22.59272,Interactive,1,1.75
644400,aBesI3vPItgV9K8KujDHhq6Ylk0T+x7OICppEE5WrKsKSJrtuu4PNDMv+jAG+wb0,3.819526,5.237654,9.300348,0,2591700,22.59272,Interactive,1,1.75
644700,aBesI3vPItgV9K8KujDHhq6Ylk0T+x7OICppEE5WrKsKSJrtuu4PNDMv+jAG+wb0,3.3923970000000003,5.032975,9.640247,0,2591700,22.59272,Interactive,1,1.75
645000,aBesI3vPItgV9K8KujDHhq6Ylk0T+x7OICppEE5WrKsKSJrtuu4PNDMv+jAG+wb0,4.021733,5.347802,10.516543,0,2591700,22.59272,Interactive,1,1.75
645300,aBesI3vPItgV9K8KujDHhq6Ylk0T+x7OICppEE5WrKsKSJrtuu4PNDMv+jAG+wb0,3.144833,5.168517,8.87503,0,2591700,22.59272,Interactive,1,1.75
645600,aBesI3vPItgV9K8KujDHhq6Ylk0T+x7OICppEE5WrKsKSJrtuu4PNDMv+jAG+wb0,3.91065,5.058609,8.952879,0,2591700,22.59272,Interactive,1,1.75
645900,aBesI3vPItgV9K8KujDHhq6Ylk0T+x7OICppEE5WrKsKSJrtuu4PNDMv+jAG+wb0,3.2856410000000005,5.46925,10.380443,0,2591700,22.59272,Interactive,1,1.75
646200,aBesI3vPItgV9K8KujDHhq6Ylk0T+x7OICppEE5WrKsKSJrtuu4PNDMv+jAG+wb0,4.266462000000001,5.247875,9.123149,0,2591700,22.59272,Interactive,1,1.75
646500,aBesI3vPItgV9K8KujDHhq6Ylk0T+x7OICppEE5WrKsKSJrtuu4PNDMv+jAG+wb0,4.055121,7.539281,27.671443,0,2591700,22.59272,Interactive,1,1.75
646800,aBesI3vPItgV9K8KujDHhq6Ylk0T+x7OICppEE5WrKsKSJrtuu4PNDMv+jAG+wb0,3.758321,5.233665,10.050765,0,2591700,22.59272,Interactive,1,1.75
647100,aBesI3vPItgV9K8KujDHhq6Ylk0T+x7OICppEE5WrKsKSJrtuu4PNDMv+jAG+wb0,4.187631,5.35572,9.315232,0,2591700,22.59272,Interactive,1,1.75
647400,aBesI3vPItgV9K8KujDHhq6Ylk0T+x7OICppEE5WrKsKSJrtuu4PNDMv+jAG+wb0,3.124727,4.967085,9.433044,0,2591700,22.59272,Interactive,1,1.75
647700,aBesI3vPItgV9K8KujDHhq6Ylk0T+x7OICppEE5WrKsKSJrtuu4PNDMv+jAG+wb0,4.032024,5.408668,10.263695,0,2591700,22.59272,Interactive,1,1.75
648000,aBesI3vPItgV9K8KujDHhq6Ylk0T+x7OICppEE5WrKsKSJrtuu4PNDMv+jAG+wb0,4.004951,5.868125,11.29425,0,2591700,22.59272,Interactive,1,1.75
648300,aBesI3vPItgV9K8KujDHhq6Ylk0T+x7OICppEE5WrKsKSJrtuu4PNDMv+jAG+wb0,4.29861,5.6056550000000005,9.941308,0,2591700,22.59272,Interactive,1,1.75
648600,aBesI3vPItgV9K8KujDHhq6Ylk0T+x7OICppEE5WrKsKSJrtuu4PNDMv+jAG+wb0,2.836234,5.015356,9.289133,0,2591700,22.59272,Interactive,1,1.75
648900,aBesI3vPItgV9K8KujDHhq6Ylk0T+x7OICppEE5WrKsKSJrtuu4PNDMv+jAG+wb0,4.207666000000001,5.258467,9.164541,0,2591700,22.59272,Interactive,1,1.75
649200,aBesI3vPItgV9K8KujDHhq6Ylk0T+x7OICppEE5WrKsKSJrtuu4PNDMv+jAG+wb0,4.122605999999999,5.565123000000001,9.103217,0,2591700,22.59272,Interactive,1,1.75
649500,aBesI3vPItgV9K8KujDHhq6Ylk0T+x7OICppEE5WrKsKSJrtuu4PNDMv+jAG+wb0,3.883636,5.252081,9.445767,0,2591700,22.59272,Interactive,1,1.75
649800,aBesI3vPItgV9K8KujDHhq6Ylk0T+x7OICppEE5WrKsKSJrtuu4PNDMv+jAG+wb0,4.206015,5.09359,9.032732,0,2591700,22.59272,Interactive,1,1.75
650100,aBesI3vPItgV9K8KujDHhq6Ylk0T+x7OICppEE5WrKsKSJrtuu4PNDMv+jAG+wb0,3.453564,7.336517,32.070496,0,2591700,22.59272,Interactive,1,1.75
650400,aBesI3vPItgV9K8KujDHhq6Ylk0T+x7OICppEE5WrKsKSJrtuu4PNDMv+jAG+wb0,3.972919,5.339778,9.173848,0,2591700,22.59272,Interactive,1,1.75
650700,aBesI3vPItgV9K8KujDHhq6Ylk0T+x7OICppEE5WrKsKSJrtuu4PNDMv+jAG+wb0,3.260118,4.953455,9.032211,0,2591700,22.59272,Interactive,1,1.75
651000,aBesI3vPItgV9K8KujDHhq6Ylk0T+x7OICppEE5WrKsKSJrtuu4PNDMv+jAG+wb0,4.066418,5.245127,8.813129,0,2591700,22.59272,Interactive,1,1.75
651300,aBesI3vPItgV9K8KujDHhq6Ylk0T+x7OICppEE5WrKsKSJrtuu4PNDMv+jAG+wb0,2.677345,4.901927,9.196456,0,2591700,22.59272,Interactive,1,1.75
651600,aBesI3vPItgV9K8KujDHhq6Ylk0T+x7OICppEE5WrKsKSJrtuu4PNDMv+jAG+wb0,4.143888,5.036834,9.041167,0,2591700,22.59272,Interactive,1,1.75
651900,aBesI3vPItgV9K8KujDHhq6Ylk0T+x7OICppEE5WrKsKSJrtuu4PNDMv+jAG+wb0,4.003111,5.446331,9.005734,0,2591700,22.59272,Interactive,1,1.75
652200,aBesI3vPItgV9K8KujDHhq6Ylk0T+x7OICppEE5WrKsKSJrtuu4PNDMv+jAG+wb0,3.039593,4.971782,9.159823,0,2591700,22.59272,Interactive,1,1.75
652500,aBesI3vPItgV9K8KujDHhq6Ylk0T+x7OICppEE5WrKsKSJrtuu4PNDMv+jAG+wb0,4.005707,5.152128,9.09901,0,2591700,22.59272,Interactive,1,1.75
652800,aBesI3vPItgV9K8KujDHhq6Ylk0T+x7OICppEE5WrKsKSJrtuu4PNDMv+jAG+wb0,3.902025,5.191242,9.29771,0,2591700,22.59272,Interactive,1,1.75
653100,aBesI3vPItgV9K8KujDHhq6Ylk0T+x7OICppEE5WrKsKSJrtuu4PNDMv+jAG+wb0,3.737566,5.611685,9.451269,0,2591700,22.59272,Interactive,1,1.75
653400,aBesI3vPItgV9K8KujDHhq6Ylk0T+x7OICppEE5WrKsKSJrtuu4PNDMv+jAG+wb0,3.233889,4.964466000000001,9.472577,0,2591700,22.59272,Interactive,1,1.75
653700,aBesI3vPItgV9K8KujDHhq6Ylk0T+x7OICppEE5WrKsKSJrtuu4PNDMv+jAG+wb0,4.218178,7.440882000000001,19.369569,0,2591700,22.59272,Interactive,1,1.75
654000,aBesI3vPItgV9K8KujDHhq6Ylk0T+x7OICppEE5WrKsKSJrtuu4PNDMv+jAG+wb0,2.714335,4.9162550000000005,9.187261,0,2591700,22.59272,Interactive,1,1.75
654300,aBesI3vPItgV9K8KujDHhq6Ylk0T+x7OICppEE5WrKsKSJrtuu4PNDMv+jAG+wb0,4.057482,5.227042,9.561049,0,2591700,22.59272,Interactive,1,1.75
654600,aBesI3vPItgV9K8KujDHhq6Ylk0T+x7OICppEE5WrKsKSJrtuu4PNDMv+jAG+wb0,3.046773,4.992005000000001,9.117814,0,2591700,22.59272,Interactive,1,1.75
654900,aBesI3vPItgV9K8KujDHhq6Ylk0T+x7OICppEE5WrKsKSJrtuu4PNDMv+jAG+wb0,4.210335,5.36113,9.283575,0,2591700,22.59272,Interactive,1,1.75
655200,aBesI3vPItgV9K8KujDHhq6Ylk0T+x7OICppEE5WrKsKSJrtuu4PNDMv+jAG+wb0,4.246009,5.681198,10.501605,0,2591700,22.59272,Interactive,1,1.75
655500,aBesI3vPItgV9K8KujDHhq6Ylk0T+x7OICppEE5WrKsKSJrtuu4PNDMv+jAG+wb0,4.089288,5.237104,9.6931,0,2591700,22.59272,Interactive,1,1.75
655800,aBesI3vPItgV9K8KujDHhq6Ylk0T+x7OICppEE5WrKsKSJrtuu4PNDMv+jAG+wb0,3.723832,5.293824,9.309265,0,2591700,22.59272,Interactive,1,1.75
656100,aBesI3vPItgV9K8KujDHhq6Ylk0T+x7OICppEE5WrKsKSJrtuu4PNDMv+jAG+wb0,4.022835,5.559679,9.451059,0,2591700,22.59272,Interactive,1,1.75
656400,aBesI3vPItgV9K8KujDHhq6Ylk0T+x7OICppEE5WrKsKSJrtuu4PNDMv+jAG+wb0,4.171628,5.329773,9.091657,0,2591700,22.59272,Interactive,1,1.75
656700,aBesI3vPItgV9K8KujDHhq6Ylk0T+x7OICppEE5WrKsKSJrtuu4PNDMv+jAG+wb0,4.13307,5.525038,9.586198,0,2591700,22.59272,Interactive,1,1.75
657000,aBesI3vPItgV9K8KujDHhq6Ylk0T+x7OICppEE5WrKsKSJrtuu4PNDMv+jAG+wb0,4.291862,5.221335,9.178651,0,2591700,22.59272,Interactive,1,1.75
657300,aBesI3vPItgV9K8KujDHhq6Ylk0T+x7OICppEE5WrKsKSJrtuu4PNDMv+jAG+wb0,4.409071,8.054287,25.360737,0,2591700,22.59272,Interactive,1,1.75
657600,aBesI3vPItgV9K8KujDHhq6Ylk0T+x7OICppEE5WrKsKSJrtuu4PNDMv+jAG+wb0,4.016018,8.275986999999999,34.72511,0,2591700,22.59272,Interactive,1,1.75
657900,aBesI3vPItgV9K8KujDHhq6Ylk0T+x7OICppEE5WrKsKSJrtuu4PNDMv+jAG+wb0,4.082237999999999,5.469228,9.216679,0,2591700,22.59272,Interactive,1,1.75
658200,aBesI3vPItgV9K8KujDHhq6Ylk0T+x7OICppEE5WrKsKSJrtuu4PNDMv+jAG+wb0,4.172972,5.674996,10.940335,0,2591700,22.59272,Interactive,1,1.75
658500,aBesI3vPItgV9K8KujDHhq6Ylk0T+x7OICppEE5WrKsKSJrtuu4PNDMv+jAG+wb0,4.327329,5.752051,9.394992,0,2591700,22.59272,Interactive,1,1.75
658800,aBesI3vPItgV9K8KujDHhq6Ylk0T+x7OICppEE5WrKsKSJrtuu4PNDMv+jAG+wb0,4.373319,6.331664,11.226866,0,2591700,22.59272,Interactive,1,1.75
659100,aBesI3vPItgV9K8KujDHhq6Ylk0T+x7OICppEE5WrKsKSJrtuu4PNDMv+jAG+wb0,4.073118,5.770321,10.677813,0,2591700,22.59272,Interactive,1,1.75
659400,aBesI3vPItgV9K8KujDHhq6Ylk0T+x7OICppEE5WrKsKSJrtuu4PNDMv+jAG+wb0,4.002433,5.546155000000001,9.299034,0,2591700,22.59272,Interactive,1,1.75
659700,aBesI3vPItgV9K8KujDHhq6Ylk0T+x7OICppEE5WrKsKSJrtuu4PNDMv+jAG+wb0,4.086471,5.255872,9.35338,0,2591700,22.59272,Interactive,1,1.75
660000,aBesI3vPItgV9K8KujDHhq6Ylk0T+x7OICppEE5WrKsKSJrtuu4PNDMv+jAG+wb0,3.973913,5.381653,10.405441,0,2591700,22.59272,Interactive,1,1.75
660300,aBesI3vPItgV9K8KujDHhq6Ylk0T+x7OICppEE5WrKsKSJrtuu4PNDMv+jAG+wb0,3.376228,5.655393,10.488808,0,2591700,22.59272,Interactive,1,1.75
660600,aBesI3vPItgV9K8KujDHhq6Ylk0T+x7OICppEE5WrKsKSJrtuu4PNDMv+jAG+wb0,3.816903,5.194297,8.987822,0,2591700,22.59272,Interactive,1,1.75
660900,aBesI3vPItgV9K8KujDHhq6Ylk0T+x7OICppEE5WrKsKSJrtuu4PNDMv+jAG+wb0,3.842778,7.493855,23.077079,0,2591700,22.59272,Interactive,1,1.75
661200,aBesI3vPItgV9K8KujDHhq6Ylk0T+x7OICppEE5WrKsKSJrtuu4PNDMv+jAG+wb0,4.227746,5.316537,9.192301,0,2591700,22.59272,Interactive,1,1.75
661500,aBesI3vPItgV9K8KujDHhq6Ylk0T+x7OICppEE5WrKsKSJrtuu4PNDMv+jAG+wb0,3.393009,6.618711,17.712441000000002,0,2591700,22.59272,Interactive,1,1.75
661800,aBesI3vPItgV9K8KujDHhq6Ylk0T+x7OICppEE5WrKsKSJrtuu4PNDMv+jAG+wb0,3.986652,5.847926999999999,10.754172,0,2591700,22.59272,Interactive,1,1.75
662100,aBesI3vPItgV9K8KujDHhq6Ylk0T+x7OICppEE5WrKsKSJrtuu4PNDMv+jAG+wb0,3.133298,5.259253,9.701577,0,2591700,22.59272,Interactive,1,1.75
662400,aBesI3vPItgV9K8KujDHhq6Ylk0T+x7OICppEE5WrKsKSJrtuu4PNDMv+jAG+wb0,4.330438,7.878404,29.606953000000004,0,2591700,22.59272,Interactive,1,1.75
662700,aBesI3vPItgV9K8KujDHhq6Ylk0T+x7OICppEE5WrKsKSJrtuu4PNDMv+jAG+wb0,3.91299,6.430862,15.845456,0,2591700,22.59272,Interactive,1,1.75
663000,aBesI3vPItgV9K8KujDHhq6Ylk0T+x7OICppEE5WrKsKSJrtuu4PNDMv+jAG+wb0,3.3257510000000003,5.340158,9.405982,0,2591700,22.59272,Interactive,1,1.75
663300,aBesI3vPItgV9K8KujDHhq6Ylk0T+x7OICppEE5WrKsKSJrtuu4PNDMv+jAG+wb0,4.199624,5.309506,9.768795,0,2591700,22.59272,Interactive,1,1.75
663600,aBesI3vPItgV9K8KujDHhq6Ylk0T+x7OICppEE5WrKsKSJrtuu4PNDMv+jAG+wb0,3.488345,9.649787,49.439318,0,2591700,22.59272,Interactive,1,1.75
663900,aBesI3vPItgV9K8KujDHhq6Ylk0T+x7OICppEE5WrKsKSJrtuu4PNDMv+jAG+wb0,4.020047,5.964672,9.522557,0,2591700,22.59272,Interactive,1,1.75
664200,aBesI3vPItgV9K8KujDHhq6Ylk0T+x7OICppEE5WrKsKSJrtuu4PNDMv+jAG+wb0,3.454921,5.195691,9.2868,0,2591700,22.59272,Interactive,1,1.75
664500,aBesI3vPItgV9K8KujDHhq6Ylk0T+x7OICppEE5WrKsKSJrtuu4PNDMv+jAG+wb0,4.02155,7.459983,26.181786,0,2591700,22.59272,Interactive,1,1.75
664800,aBesI3vPItgV9K8KujDHhq6Ylk0T+x7OICppEE5WrKsKSJrtuu4PNDMv+jAG+wb0,3.449736,5.21028,9.428955,0,2591700,22.59272,Interactive,1,1.75
665100,aBesI3vPItgV9K8KujDHhq6Ylk0T+x7OICppEE5WrKsKSJrtuu4PNDMv+jAG+wb0,4.093637999999999,5.206969,9.397824,0,2591700,22.59272,Interactive,1,1.75
665400,aBesI3vPItgV9K8KujDHhq6Ylk0T+x7OICppEE5WrKsKSJrtuu4PNDMv+jAG+wb0,3.707298,5.390117,10.265846,0,2591700,22.59272,Interactive,1,1.75
665700,aBesI3vPItgV9K8KujDHhq6Ylk0T+x7OICppEE5WrKsKSJrtuu4PNDMv+jAG+wb0,4.088558,5.376356,9.434718,0,2591700,22.59272,Interactive,1,1.75
666000,aBesI3vPItgV9K8KujDHhq6Ylk0T+x7OICppEE5WrKsKSJrtuu4PNDMv+jAG+wb0,3.823187,5.166472,9.441383,0,2591700,22.59272,Interactive,1,1.75
666300,aBesI3vPItgV9K8KujDHhq6Ylk0T+x7OICppEE5WrKsKSJrtuu4PNDMv+jAG+wb0,3.573898,5.216988,9.603753,0,2591700,22.59272,Interactive,1,1.75
666600,aBesI3vPItgV9K8KujDHhq6Ylk0T+x7OICppEE5WrKsKSJrtuu4PNDMv+jAG+wb0,4.126908,5.199433999999999,9.186624,0,2591700,22.59272,Interactive,1,1.75
666900,aBesI3vPItgV9K8KujDHhq6Ylk0T+x7OICppEE5WrKsKSJrtuu4PNDMv+jAG+wb0,3.699252,5.256001,9.384818,0,2591700,22.59272,Interactive,1,1.75
667200,aBesI3vPItgV9K8KujDHhq6Ylk0T+x7OICppEE5WrKsKSJrtuu4PNDMv+jAG+wb0,3.694591,5.232236,9.311165,0,2591700,22.59272,Interactive,1,1.75
667500,aBesI3vPItgV9K8KujDHhq6Ylk0T+x7OICppEE5WrKsKSJrtuu4PNDMv+jAG+wb0,4.252118,5.497843,9.956361,0,2591700,22.59272,Interactive,1,1.75
667800,aBesI3vPItgV9K8KujDHhq6Ylk0T+x7OICppEE5WrKsKSJrtuu4PNDMv+jAG+wb0,4.0943760000000005,5.770004,9.02712,0,2591700,22.59272,Interactive,1,1.75
668100,aBesI3vPItgV9K8KujDHhq6Ylk0T+x7OICppEE5WrKsKSJrtuu4PNDMv+jAG+wb0,4.020767,7.361083,25.822592,0,2591700,22.59272,Interactive,1,1.75
668400,aBesI3vPItgV9K8KujDHhq6Ylk0T+x7OICppEE5WrKsKSJrtuu4PNDMv+jAG+wb0,4.27711,5.95085,11.666564,0,2591700,22.59272,Interactive,1,1.75
668700,aBesI3vPItgV9K8KujDHhq6Ylk0T+x7OICppEE5WrKsKSJrtuu4PNDMv+jAG+wb0,3.995597,5.409667,9.472064,0,2591700,22.59272,Interactive,1,1.75
669000,aBesI3vPItgV9K8KujDHhq6Ylk0T+x7OICppEE5WrKsKSJrtuu4PNDMv+jAG+wb0,3.78952,5.323689,9.550119,0,2591700,22.59272,Interactive,1,1.75
669300,aBesI3vPItgV9K8KujDHhq6Ylk0T+x7OICppEE5WrKsKSJrtuu4PNDMv+jAG+wb0,3.963884,5.238872,9.483355,0,2591700,22.59272,Interactive,1,1.75
669600,aBesI3vPItgV9K8KujDHhq6Ylk0T+x7OICppEE5WrKsKSJrtuu4PNDMv+jAG+wb0,4.083295,5.462742,9.308311,0,2591700,22.59272,Interactive,1,1.75
669900,aBesI3vPItgV9K8KujDHhq6Ylk0T+x7OICppEE5WrKsKSJrtuu4PNDMv+jAG+wb0,3.997456,5.27391,9.458307,0,2591700,22.59272,Interactive,1,1.75
670200,aBesI3vPItgV9K8KujDHhq6Ylk0T+x7OICppEE5WrKsKSJrtuu4PNDMv+jAG+wb0,4.062899,5.296657,9.189654,0,2591700,22.59272,Interactive,1,1.75
670500,aBesI3vPItgV9K8KujDHhq6Ylk0T+x7OICppEE5WrKsKSJrtuu4PNDMv+jAG+wb0,3.947555,5.449212999999999,9.312554,0,2591700,22.59272,Interactive,1,1.75
670800,aBesI3vPItgV9K8KujDHhq6Ylk0T+x7OICppEE5WrKsKSJrtuu4PNDMv+jAG+wb0,3.808194,5.260028,8.854086,0,2591700,22.59272,Interactive,1,1.75
671100,aBesI3vPItgV9K8KujDHhq6Ylk0T+x7OICppEE5WrKsKSJrtuu4PNDMv+jAG+wb0,4.353845,6.096304,12.912206,0,2591700,22.59272,Interactive,1,1.75
671400,aBesI3vPItgV9K8KujDHhq6Ylk0T+x7OICppEE5WrKsKSJrtuu4PNDMv+jAG+wb0,3.852389,5.259233,8.993572,0,2591700,22.59272,Interactive,1,1.75
671700,aBesI3vPItgV9K8KujDHhq6Ylk0T+x7OICppEE5WrKsKSJrtuu4PNDMv+jAG+wb0,3.613511,5.592363,9.546149,0,2591700,22.59272,Interactive,1,1.75
672000,aBesI3vPItgV9K8KujDHhq6Ylk0T+x7OICppEE5WrKsKSJrtuu4PNDMv+jAG+wb0,4.2956970000000005,6.687994000000001,20.004958,0,2591700,22.59272,Interactive,1,1.75
672300,aBesI3vPItgV9K8KujDHhq6Ylk0T+x7OICppEE5WrKsKSJrtuu4PNDMv+jAG+wb0,4.068002,5.388609,9.106551,0,2591700,22.59272,Interactive,1,1.75
672600,aBesI3vPItgV9K8KujDHhq6Ylk0T+x7OICppEE5WrKsKSJrtuu4PNDMv+jAG+wb0,3.826511,5.258321,8.967118,0,2591700,22.59272,Interactive,1,1.75
672900,aBesI3vPItgV9K8KujDHhq6Ylk0T+x7OICppEE5WrKsKSJrtuu4PNDMv+jAG+wb0,4.0335540000000005,5.143466,9.175968,0,2591700,22.59272,Interactive,1,1.75
673200,aBesI3vPItgV9K8KujDHhq6Ylk0T+x7OICppEE5WrKsKSJrtuu4PNDMv+jAG+wb0,3.774901,5.223247,9.130542,0,2591700,22.59272,Interactive,1,1.75
673500,aBesI3vPItgV9K8KujDHhq6Ylk0T+x7OICppEE5WrKsKSJrtuu4PNDMv+jAG+wb0,3.609693,5.2503470000000005,9.233925,0,2591700,22.59272,Interactive,1,1.75
673800,aBesI3vPItgV9K8KujDHhq6Ylk0T+x7OICppEE5WrKsKSJrtuu4PNDMv+jAG+wb0,3.141197,5.022078,8.952648,0,2591700,22.59272,Interactive,1,1.75
674100,aBesI3vPItgV9K8KujDHhq6Ylk0T+x7OICppEE5WrKsKSJrtuu4PNDMv+jAG+wb0,3.938696,5.2877540000000005,9.286334,0,2591700,22.59272,Interactive,1,1.75
674400,aBesI3vPItgV9K8KujDHhq6Ylk0T+x7OICppEE5WrKsKSJrtuu4PNDMv+jAG+wb0,3.114644,4.687776,6.350467,0,2591700,22.59272,Interactive,1,1.75
674700,aBesI3vPItgV9K8KujDHhq6Ylk0T+x7OICppEE5WrKsKSJrtuu4PNDMv+jAG+wb0,4.18153,5.332000000000001,9.021083,0,2591700,22.59272,Interactive,1,1.75
675000,aBesI3vPItgV9K8KujDHhq6Ylk0T+x7OICppEE5WrKsKSJrtuu4PNDMv+jAG+wb0,2.952783,5.268128,9.352024,0,2591700,22.59272,Interactive,1,1.75
675300,aBesI3vPItgV9K8KujDHhq6Ylk0T+x7OICppEE5WrKsKSJrtuu4PNDMv+jAG+wb0,3.968903,5.295621,9.177094,0,2591700,22.59272,Interactive,1,1.75
675600,aBesI3vPItgV9K8KujDHhq6Ylk0T+x7OICppEE5WrKsKSJrtuu4PNDMv+jAG+wb0,3.917922,7.248635,25.794422,0,2591700,22.59272,Interactive,1,1.75
675900,aBesI3vPItgV9K8KujDHhq6Ylk0T+x7OICppEE5WrKsKSJrtuu4PNDMv+jAG+wb0,3.975966000000001,5.305085,10.552752,0,2591700,22.59272,Interactive,1,1.75
676200,aBesI3vPItgV9K8KujDHhq6Ylk0T+x7OICppEE5WrKsKSJrtuu4PNDMv+jAG+wb0,3.631893,5.132686,9.025397,0,2591700,22.59272,Interactive,1,1.75
676500,aBesI3vPItgV9K8KujDHhq6Ylk0T+x7OICppEE5WrKsKSJrtuu4PNDMv+jAG+wb0,3.0079290000000003,5.078035,9.169073,0,2591700,22.59272,Interactive,1,1.75
676800,aBesI3vPItgV9K8KujDHhq6Ylk0T+x7OICppEE5WrKsKSJrtuu4PNDMv+jAG+wb0,3.842286,5.284267,10.515137,0,2591700,22.59272,Interactive,1,1.75
677100,aBesI3vPItgV9K8KujDHhq6Ylk0T+x7OICppEE5WrKsKSJrtuu4PNDMv+jAG+wb0,3.014904,4.715911,6.205575,0,2591700,22.59272,Interactive,1,1.75
677400,aBesI3vPItgV9K8KujDHhq6Ylk0T+x7OICppEE5WrKsKSJrtuu4PNDMv+jAG+wb0,4.246845,5.125435,8.881753,0,2591700,22.59272,Interactive,1,1.75
677700,aBesI3vPItgV9K8KujDHhq6Ylk0T+x7OICppEE5WrKsKSJrtuu4PNDMv+jAG+wb0,2.67743,5.191555999999999,10.530913,0,2591700,22.59272,Interactive,1,1.75
678000,aBesI3vPItgV9K8KujDHhq6Ylk0T+x7OICppEE5WrKsKSJrtuu4PNDMv+jAG+wb0,3.825882,5.273807,8.90507,0,2591700,22.59272,Interactive,1,1.75
678300,aBesI3vPItgV9K8KujDHhq6Ylk0T+x7OICppEE5WrKsKSJrtuu4PNDMv+jAG+wb0,3.038237,5.155003,9.314509,0,2591700,22.59272,Interactive,1,1.75
678600,aBesI3vPItgV9K8KujDHhq6Ylk0T+x7OICppEE5WrKsKSJrtuu4PNDMv+jAG+wb0,3.757635,5.293961,10.274405,0,2591700,22.59272,Interactive,1,1.75
678900,aBesI3vPItgV9K8KujDHhq6Ylk0T+x7OICppEE5WrKsKSJrtuu4PNDMv+jAG+wb0,3.342135,5.161597,9.271861,0,2591700,22.59272,Interactive,1,1.75
679200,aBesI3vPItgV9K8KujDHhq6Ylk0T+x7OICppEE5WrKsKSJrtuu4PNDMv+jAG+wb0,4.025726000000001,7.253201,17.315181,0,2591700,22.59272,Interactive,1,1.75
679500,aBesI3vPItgV9K8KujDHhq6Ylk0T+x7OICppEE5WrKsKSJrtuu4PNDMv+jAG+wb0,4.015836,5.338911,10.47995,0,2591700,22.59272,Interactive,1,1.75
679800,aBesI3vPItgV9K8KujDHhq6Ylk0T+x7OICppEE5WrKsKSJrtuu4PNDMv+jAG+wb0,2.6769700000000003,4.624333999999999,6.076132,0,2591700,22.59272,Interactive,1,1.75
680100,aBesI3vPItgV9K8KujDHhq6Ylk0T+x7OICppEE5WrKsKSJrtuu4PNDMv+jAG+wb0,4.199163,5.245996,9.172097,0,2591700,22.59272,Interactive,1,1.75
680400,aBesI3vPItgV9K8KujDHhq6Ylk0T+x7OICppEE5WrKsKSJrtuu4PNDMv+jAG+wb0,2.605995,5.13753,10.193851,0,2591700,22.59272,Interactive,1,1.75
680700,aBesI3vPItgV9K8KujDHhq6Ylk0T+x7OICppEE5WrKsKSJrtuu4PNDMv+jAG+wb0,3.837778,5.235005999999999,9.143429,0,2591700,22.59272,Interactive,1,1.75
681000,aBesI3vPItgV9K8KujDHhq6Ylk0T+x7OICppEE5WrKsKSJrtuu4PNDMv+jAG+wb0,2.794277,5.068546,9.3386,0,2591700,22.59272,Interactive,1,1.75
681300,aBesI3vPItgV9K8KujDHhq6Ylk0T+x7OICppEE5WrKsKSJrtuu4PNDMv+jAG+wb0,4.008623,5.372986,10.284712,0,2591700,22.59272,Interactive,1,1.75
681600,aBesI3vPItgV9K8KujDHhq6Ylk0T+x7OICppEE5WrKsKSJrtuu4PNDMv+jAG+wb0,2.693633,5.031553,8.880075,0,2591700,22.59272,Interactive,1,1.75
681900,aBesI3vPItgV9K8KujDHhq6Ylk0T+x7OICppEE5WrKsKSJrtuu4PNDMv+jAG+wb0,3.106686,5.105716999999999,9.403276,0,2591700,22.59272,Interactive,1,1.75
682200,aBesI3vPItgV9K8KujDHhq6Ylk0T+x7OICppEE5WrKsKSJrtuu4PNDMv+jAG+wb0,3.886247,5.58424,10.168353,0,2591700,22.59272,Interactive,1,1.75
682500,aBesI3vPItgV9K8KujDHhq6Ylk0T+x7OICppEE5WrKsKSJrtuu4PNDMv+jAG+wb0,3.784879,4.822302,6.266401,0,2591700,22.59272,Interactive,1,1.75
682800,aBesI3vPItgV9K8KujDHhq6Ylk0T+x7OICppEE5WrKsKSJrtuu4PNDMv+jAG+wb0,4.213038,7.305802000000001,25.546259,0,2591700,22.59272,Interactive,1,1.75
683100,aBesI3vPItgV9K8KujDHhq6Ylk0T+x7OICppEE5WrKsKSJrtuu4PNDMv+jAG+wb0,3.939107,5.311557,10.290761,0,2591700,22.59272,Interactive,1,1.75
683400,aBesI3vPItgV9K8KujDHhq6Ylk0T+x7OICppEE5WrKsKSJrtuu4PNDMv+jAG+wb0,3.84969,5.273283,9.147882,0,2591700,22.59272,Interactive,1,1.75
683700,aBesI3vPItgV9K8KujDHhq6Ylk0T+x7OICppEE5WrKsKSJrtuu4PNDMv+jAG+wb0,3.511461,5.152914,9.476982,0,2591700,22.59272,Interactive,1,1.75
684000,aBesI3vPItgV9K8KujDHhq6Ylk0T+x7OICppEE5WrKsKSJrtuu4PNDMv+jAG+wb0,3.814974,5.303142,9.82381,0,2591700,22.59272,Interactive,1,1.75
684300,aBesI3vPItgV9K8KujDHhq6Ylk0T+x7OICppEE5WrKsKSJrtuu4PNDMv+jAG+wb0,3.317562,5.085573,9.480262,0,2591700,22.59272,Interactive,1,1.75
684600,aBesI3vPItgV9K8KujDHhq6Ylk0T+x7OICppEE5WrKsKSJrtuu4PNDMv+jAG+wb0,2.89026,5.083835,8.924945,0,2591700,22.59272,Interactive,1,1.75
684900,aBesI3vPItgV9K8KujDHhq6Ylk0T+x7OICppEE5WrKsKSJrtuu4PNDMv+jAG+wb0,3.921222,5.382815,9.344758,0,2591700,22.59272,Interactive,1,1.75
685200,aBesI3vPItgV9K8KujDHhq6Ylk0T+x7OICppEE5WrKsKSJrtuu4PNDMv+jAG+wb0,3.271248,4.8597,6.316902,0,2591700,22.59272,Interactive,1,1.75
685500,aBesI3vPItgV9K8KujDHhq6Ylk0T+x7OICppEE5WrKsKSJrtuu4PNDMv+jAG+wb0,3.852239,5.585065,9.324305,0,2591700,22.59272,Interactive,1,1.75
685800,aBesI3vPItgV9K8KujDHhq6Ylk0T+x7OICppEE5WrKsKSJrtuu4PNDMv+jAG+wb0,3.804136,5.380859,9.094247,0,2591700,22.59272,Interactive,1,1.75
686100,aBesI3vPItgV9K8KujDHhq6Ylk0T+x7OICppEE5WrKsKSJrtuu4PNDMv+jAG+wb0,3.931088,11.632578,48.659486,0,2591700,22.59272,Interactive,1,1.75
686400,aBesI3vPItgV9K8KujDHhq6Ylk0T+x7OICppEE5WrKsKSJrtuu4PNDMv+jAG+wb0,3.094357,7.506414,26.231846,0,2591700,22.59272,Interactive,1,1.75
686700,aBesI3vPItgV9K8KujDHhq6Ylk0T+x7OICppEE5WrKsKSJrtuu4PNDMv+jAG+wb0,4.112918,5.480361,9.676702,0,2591700,22.59272,Interactive,1,1.75
687000,aBesI3vPItgV9K8KujDHhq6Ylk0T+x7OICppEE5WrKsKSJrtuu4PNDMv+jAG+wb0,3.306854,4.993329,9.265577,0,2591700,22.59272,Interactive,1,1.75
687300,aBesI3vPItgV9K8KujDHhq6Ylk0T+x7OICppEE5WrKsKSJrtuu4PNDMv+jAG+wb0,2.964041,5.228706,9.381479,0,2591700,22.59272,Interactive,1,1.75
687600,aBesI3vPItgV9K8KujDHhq6Ylk0T+x7OICppEE5WrKsKSJrtuu4PNDMv+jAG+wb0,3.931213,5.298135,9.008983,0,2591700,22.59272,Interactive,1,1.75
687900,aBesI3vPItgV9K8KujDHhq6Ylk0T+x7OICppEE5WrKsKSJrtuu4PNDMv+jAG+wb0,3.4814550000000004,4.820992,6.80417,0,2591700,22.59272,Interactive,1,1.75
688200,aBesI3vPItgV9K8KujDHhq6Ylk0T+x7OICppEE5WrKsKSJrtuu4PNDMv+jAG+wb0,4.134124,5.373547,9.127276,0,2591700,22.59272,Interactive,1,1.75
688500,aBesI3vPItgV9K8KujDHhq6Ylk0T+x7OICppEE5WrKsKSJrtuu4PNDMv+jAG+wb0,3.1225,5.27343,9.059535,0,2591700,22.59272,Interactive,1,1.75
688800,aBesI3vPItgV9K8KujDHhq6Ylk0T+x7OICppEE5WrKsKSJrtuu4PNDMv+jAG+wb0,4.204194,5.113365,9.131492,0,2591700,22.59272,Interactive,1,1.75
689100,aBesI3vPItgV9K8KujDHhq6Ylk0T+x7OICppEE5WrKsKSJrtuu4PNDMv+jAG+wb0,3.676689,5.344018,9.580665,0,2591700,22.59272,Interactive,1,1.75
689400,aBesI3vPItgV9K8KujDHhq6Ylk0T+x7OICppEE5WrKsKSJrtuu4PNDMv+jAG+wb0,3.929052,6.089243,9.385903,0,2591700,22.59272,Interactive,1,1.75
689700,aBesI3vPItgV9K8KujDHhq6Ylk0T+x7OICppEE5WrKsKSJrtuu4PNDMv+jAG+wb0,3.923327,5.2934470000000005,9.598468,0,2591700,22.59272,Interactive,1,1.75
690000,aBesI3vPItgV9K8KujDHhq6Ylk0T+x7OICppEE5WrKsKSJrtuu4PNDMv+jAG+wb0,3.110199,7.389227,23.053738,0,2591700,22.59272,Interactive,1,1.75
690300,aBesI3vPItgV9K8KujDHhq6Ylk0T+x7OICppEE5WrKsKSJrtuu4PNDMv+jAG+wb0,4.148896,5.380073,8.870644,0,2591700,22.59272,Interactive,1,1.75
690600,aBesI3vPItgV9K8KujDHhq6Ylk0T+x7OICppEE5WrKsKSJrtuu4PNDMv+jAG+wb0,3.048584,4.531917,5.31561,0,2591700,22.59272,Interactive,1,1.75
690900,aBesI3vPItgV9K8KujDHhq6Ylk0T+x7OICppEE5WrKsKSJrtuu4PNDMv+jAG+wb0,3.873864,5.41513,9.604666,0,2591700,22.59272,Interactive,1,1.75
